7 8978
1 7907
0 3704
3 2973
16 1105
11 988
8 954
12 625
19 591
18 542
9 415
6 369
28 345
13 286
22 245
27 240
2 174
10 164
14 153
62 147
31 145
32 143
4 127
23 120
29 117
37 103
47 101
38 92
20 88
41 84
15 80
65 58
56 57
17 56
34 55
44 48
48 47
21 45
30 45
25 43
55 42
35 41
24 40
39 32
40 30
49 30
75 29
78 29
50 23
69 23
71 23
33 22
36 22
46 21
26 18
53 18
54 18
72 18
51 15
43 13
77 13
5 12
70 12
68 11
42 10
58 10
79 8
59 6
66 6
57 4
60 4
61 4
63 4
76 4
80 4
81 4
45 3
52 3
67 2
73 2
74 2
82 2
madeupword0000 0
madeupword0001 0
