16 16 16 16 16 16 16 16 16 16 16 16 8 8 8 19 19 19 8 8 8 8 0 0 0 0 0 0 0 0 0 0 0 0 0 0 8 8 8 19 19 19 8 8 8 8 8 8 8 8 8 19 19 19 8 8 8 8 8 8 7 7 7 42 42 42 7 7 7 7 7 7 7 7 7 7 7 7 7 7 7 7 7 7 7 7 7 7 24 24 8 8 8 8 16 16 16 16 16 16 16 16 16 16 16 16 16 16 16 16 16 16 16 16 8 8 8 8 8 8 8 8 8 19 19 19 8 8 8 8 8 8 8 8 8 2 2 2 8 8 8 8 8 8 16 16 16 16 16 16 24 24 24 24 24 24 8 8 8 8
26 26 26 26 26 26 26 26 26 19 19 19 19 19 19 0 0 0 2 2 2 0 0 0 0 0 0 26 26 26 26 26 26 26 26 26 19 19 19 19 19 19 0 0 0 2 2 2 0 0 0 3 3 3 50 50 50 26 26 7 0 0 0 3 3 3 50 50 50 26 26 7 0 0 0 2 2 2 0 0 0 2 2 2 31 31 31 4 4 4 8 8 8 8 8 8 34 34 34 34 34 34 34 34 24 34 34 7 34 34 24 34 34 7 34 34 24 34 34 7 34 34 24 34 34 7 39 39 39 8 8 8 8 8 8 0 0 0 0 0 0 3 3 3 1 1 13 2 2 2 2 2 28 15 1 2 0 0 0 0
16 16 16 20 20 20 2 2 2 0 0 0 0 0 0 33 33 33 2 2 2 16 16 16 0 0 0 1 1 1 2 2 2 0 0 0 16 16 16 24 24 24 24 24 24 8 8 8 16 16 16 34 34 13 2 2 2 24 24 24 16 16 35 34 34 13 2 2 2 16 16 16 16 16 16 16 16 16 16 16 16 16 16 2 2 2 2 2 2 2 2 2 2 0 0 2 2 2 2 2 2 2 2 2 2 16 16 0 0 0 0 0 0 0 0 0 0 30 30 7 7 7 7 7 7 7 7 7 7 7 7 2 16 16 16 16 16 16 17 23 23 23 43 43 32 5 5 49 13 13 13 13 13 13 13 13 2 2 2 2
16 16 16 16 16 16 16 16 2 2 2 2 2 2 2 2 16 16 16 16 2 2 2 2 16 16 36 36 8 8 8 14 14 14 14 14 14 14 14 14 37 37 37 37 26 26 26 26 2 2 2 2 0 0 0 0 1 1 13 13 8 8 8 8 1 1 13 13 8 8 8 8 1 1 13 13 8 8 8 2 2 2 2 2 2 2 0 2 2 2 2 2 2 2 0 2 2 2 2 2 0 0 8 8 0 0 30 30 8 8 30 30 8 8 7 7 0 0 7 7 0 0 8 8 0 0 2 2 0 0 0 0 1 1 1 1 0 0 0 0 2 2 2 2 0 0 0 0 1 1 1 1 0 0 0 0 2 2 2 2
16 16 16 16 16 16 16 16 16 16 16 16 8 8 8 19 19 19 8 8 8 8 0 0 0 0 0 0 0 0 0 0 0 0 0 0 8 8 8 19 19 19 8 8 8 8 8 8 8 8 8 19 19 19 8 8 8 8 8 8 7 7 7 42 42 42 7 7 7 7 7 7 7 7 7 7 7 7 7 7 7 7 7 7 7 7 7 7 24 24 8 8 8 8 16 16 16 16 16 16 16 16 16 16 16 16 16 16 16 16 16 16 16 16 8 8 8 8 8 8 8 8 8 19 19 19 8 8 8 8 8 8 8 8 8 2 2 2 8 8 8 8 8 8 16 16 16 16 16 16 24 24 24 24 24 24 8 8 8 8
0 0 0 0 0 0 0 0 0 0 0 0 0 0 0 0 0 27 27 12 1 28 15 3 0 16 1 8 0 1 8 8 0 27 27 12 1 28 15 3 0 16 1 8 0 5 8 2 0 16 1 2 0 5 8 2 0 19 45 28 15 3 0 8 0 0 0 0 0 0 0 26 3 3 26 26 3 44 5 0 6 6 0 0 6 46 6 3 3 3 3 3 3 44 5 0 6 46 6 3 26 45 26 25 26 26 26 26 26 26 26 26 26 26 26 26 26 26 26 26 8 8 8 8 8 8 8 8 8 8 8 8 8 8 8 8 0 0 0 0 0 0 0 0 0 0 0 8 8 8 8 8 8 8 8 8 8 8 8 8
8 8 8 8 0 0 8 8 0 0 0 0 8 8 8 0 2 2 2 2 2 2 2 2 0 0 0 0 0 0 0 0 1 1 2 2 0 0 0 0 0 0 0 0 2 2 2 2 0 0 0 0 15 15 1 1 1 1 2 2 0 0 0 0 8 8 8 8 0 0 8 8 0 0 0 0 8 8 8 8 16 16 5 5 8 8 8 8 16 16 2 2 16 16 16 16 2 2 16 16 8 8 8 8 16 16 2 2 16 16 5 5 16 16 8 8 16 16 16 16 2 2 16 16 2 2 2 2 16 16 25 25 16 16 16 16 2 2 0 0 2 2 2 2 0 0 25 25 0 0 0 0 3 3 3 3 1 1 1 1
0 0 0 0 1 1 1 1 2 2 2 2 2 2 2 2 0 0 0 0 2 2 0 0 2 2 0 0 2 2 0 2 0 2 0 2 0 0 0 0 0 0 0 0 0 0 0 0 2 2 0 0 2 2 0 0 2 2 0 0 0 2 0 0 0 0 2 2 2 2 0 0 0 0 2 2 15 15 1 1 2 2 0 6 3 2 0 6 3 2 0 0 0 0 0 0 0 0 2 2 2 2 16 16 16 16 7 7 7 7 7 7 2 2 16 16 16 16 7 7 7 2 0 0 0 0 7 7 7 2 0 0 0 0 28 28 54 54 21 21 2 2 17 17 9 9 34 34 7 7 7 7 7 7 7 7 7 7 7 7
0 0 0 0 8 8 8 8 2 2 2 2 0 0 0 0 0 0 2 2 0 0 2 2 0 0 26 26 8 8 0 0 0 0 2 2 0 0 2 2 0 0 27 27 0 0 2 2 0 0 0 0 0 0 0 0 0 0 0 0 3 3 2 2 0 0 0 0 0 0 0 0 15 15 9 9 1 1 1 13 2 2 2 2 0 0 2 0 2 2 2 2 0 0 2 0 8 8 8 8 8 8 8 8 16 16 16 16 13 13 13 13 2 2 2 2 17 17 17 17 5 5 16 16 2 2 2 2 16 16 16 16 13 13 13 13 2 2 2 2 17 17 17 17 5 5 16 16 2 2 2 2 16 16 16 2 16 16 2 2
0 0 0 0 0 0 0 0 0 3 3 3 1 1 1 2 2 2 2 2 2 0 0 0 8 8 8 0 0 0 3 3 13 8 8 8 8 8 8 8 8 8 8 8 8 14 14 14 14 14 14 14 14 14 14 14 14 2 2 2 2 2 2 2 2 2 2 2 2 0 0 0 2 2 2 2 2 2 0 0 0 0 0 0 2 2 2 2 2 2 0 0 0 8 8 8 15 15 15 13 13 13 2 2 2 2 2 2 7 7 7 2 2 2 0 0 0 2 2 2 7 7 7 2 2 2 0 0 0 3 3 1 0 0 2 0 0 0 2 2 2 0 0 0 2 2 2 0 0 0 0 0 0 0 0 0 3 3 3 1
16 16 16 20 20 20 2 2 2 0 0 0 0 0 0 33 33 33 2 2 2 16 16 16 0 0 0 1 1 1 2 2 2 0 0 0 16 16 16 24 24 24 24 24 24 8 8 8 16 16 16 34 34 13 2 2 2 24 24 24 16 16 35 34 34 13 2 2 2 16 16 16 16 16 16 16 16 16 16 16 16 16 16 2 2 2 2 2 2 2 2 2 2 0 0 2 2 2 2 2 2 2 2 2 2 16 16 0 0 0 0 0 0 0 0 0 0 30 30 7 7 7 7 7 7 7 7 7 7 7 7 2 16 16 16 16 16 16 17 23 23 23 43 43 32 5 5 49 13 13 13 13 13 13 13 13 2 2 2 2
0 0 0 6 6 6 3 3 3 3 3 3 26 26 26 2 2 2 0 0 0 0 0 0 2 2 2 0 0 0 0 0 0 6 6 6 3 3 3 3 3 3 26 26 26 2 2 2 0 0 0 0 0 0 2 2 2 0 0 0 0 0 0 0 1 6 3 3 3 3 3 6 3 3 13 8 8 2 0 0 0 0 0 2 0 0 0 0 1 0 3 3 3 3 3 0 26 26 13 8 8 2 0 0 0 0
0 0 0 0 1 1 1 1 2 2 2 2 0 0 0 0 0 0 0 0 0 0 0 0 0 0 2 2 0 0 2 2 0 0 3 3 0 0 2 2 0 0 3 3 0 0 2 2 0 0 0 0 1 1 4 4 0 0 5 5 6 6 7 7 0 0 7 7 0 0 7 7 0 0 7 7 0 0 7 7 0 0 0 0 0 0 8 8 0 0 0 0 0 0 0 0 0 0 9 9 1 1 1 1 8 8 8 8 8 8 8 8 8 8 2 2 0 0 0 0 0 0 0 0 10 10 10 10 11 11 9 9 1 1 1 1 8 8 8 8 8 8 8 8 8 8 2 2 0 0 0 0 2 2 0 0 2 2 0 12
0 0 0 0 0 0 0 0 0 0 0 0 0 0 0 0 0 27 27 12 1 28 15 3 0 16 1 8 0 1 8 8 0 27 27 12 1 28 15 3 0 16 1 8 0 5 8 2 0 16 1 2 0 5 8 2 0 19 45 28 15 3 0 8 0 0 0 0 0 0 0 26 3 3 26 26 3 44 5 0 6 6 0 0 6 46 6 3 3 3 3 3 3 44 5 0 6 46 6 3 26 45 26 25 26 26 26 26 26 26 26 26 26 26 26 26 26 26 26 26 8 8 8 8 8 8 8 8 8 8 8 8 8 8 8 8 0 0 0 0 0 0 0 0 0 0 0 8 8 8 8 8 8 8 8 8 8 8 8 8
26 26 26 26 26 26 26 26 26 19 19 19 19 19 19 0 0 0 2 2 2 0 0 0 0 0 0 26 26 26 26 26 26 26 26 26 19 19 19 19 19 19 0 0 0 2 2 2 0 0 0 3 3 3 50 50 50 26 26 7 0 0 0 3 3 3 50 50 50 26 26 7 0 0 0 2 2 2 0 0 0 2 2 2 31 31 31 4 4 4 8 8 8 8 8 8 34 34 34 34 34 34 34 34 24 34 34 7 34 34 24 34 34 7 34 34 24 34 34 7 34 34 24 34 34 7 39 39 39 8 8 8 8 8 8 0 0 0 0 0 0 3 3 3 1 1 13 2 2 2 2 2 28 15 1 2 0 0 0 0
8 2 2 0 8 8 3 0 0 0 0 8 8 2 2 0 28 28 1 0 0 0 0 0 48 3 3 13 2 2 3 31 31 2 2 2 2 2 2 26 8 8 2 2 2 15 15 15 27 2 2 12 1 1 0 0 0 0 0 0 0 0 0 0 0 0 0 0 0 0 0 0 0 0 0 0 2 2 0 0 0 0 2 2 0 2 0 0 2 0 0 2 0 0 2 0 0 0 0 0 0 0 0 0 0 0 0 38 38 38 38 2 2 2 2 2 2 2 2 2 16 16 16 16 16 16 16 16 16 2 2 2 2 2 2 0 0 0 8 8 8 16 8 8 5 2 2
16 16 16 16 16 16 16 16 2 2 2 2 2 2 2 2 16 16 16 16 2 2 2 2 16 16 36 36 8 8 8 14 14 14 14 14 14 14 14 14 37 37 37 37 26 26 26 26 2 2 2 2 0 0 0 0 1 1 13 13 8 8 8 8 1 1 13 13 8 8 8 8 1 1 13 13 8 8 8 2 2 2 2 2 2 2 0 2 2 2 2 2 2 2 0 2 2 2 2 2 0 0 8 8 0 0 30 30 8 8 30 30 8 8 7 7 0 0 7 7 0 0 8 8 0 0 2 2 0 0 0 0 1 1 1 1 0 0 0 0 2 2 2 2 0 0 0 0 1 1 1 1 0 0 0 0 2 2 2 2
0 0 0 0 0 0 0 0 0 0 0 0 0 0 0 0 0 27 27 12 1 28 15 3 0 16 1 8 0 1 8 8 0 27 27 12 1 28 15 3 0 16 1 8 0 5 8 2 0 16 1 2 0 5 8 2 0 19 45 28 15 3 0 8 0 0 0 0 0 0 0 26 3 3 26 26 3 44 5 0 6 6 0 0 6 46 6 3 3 3 3 3 3 44 5 0 6 46 6 3 26 45 26 25 26 26 26 26 26 26 26 26 26 26 26 26 26 26 26 26 8 8 8 8 8 8 8 8 8 8 8 8 8 8 8 8 0 0 0 0 0 0 0 0 0 0 0 8 8 8 8 8 8 8 8 8 8 8 8 8
0 0 0 0 8 8 8 8 2 2 2 2 0 0 0 0 0 0 2 2 0 0 2 2 0 0 26 26 8 8 0 0 0 0 2 2 0 0 2 2 0 0 27 27 0 0 2 2 0 0 0 0 0 0 0 0 0 0 0 0 3 3 2 2 0 0 0 0 0 0 0 0 15 15 9 9 1 1 1 13 2 2 2 2 0 0 2 0 2 2 2 2 0 0 2 0 8 8 8 8 8 8 8 8 16 16 16 16 13 13 13 13 2 2 2 2 17 17 17 17 5 5 16 16 2 2 2 2 16 16 16 16 13 13 13 13 2 2 2 2 17 17 17 17 5 5 16 16 2 2 2 2 16 16 16 2 16 16 2 2
16 16 16 16 16 16 16 16 16 16 16 16 8 8 8 19 19 19 8 8 8 8 0 0 0 0 0 0 0 0 0 0 0 0 0 0 8 8 8 19 19 19 8 8 8 8 8 8 8 8 8 19 19 19 8 8 8 8 8 8 7 7 7 42 42 42 7 7 7 7 7 7 7 7 7 7 7 7 7 7 7 7 7 7 7 7 7 7 24 24 8 8 8 8 16 16 16 16 16 16 16 16 16 16 16 16 16 16 16 16 16 16 16 16 8 8 8 8 8 8 8 8 8 19 19 19 8 8 8 8 8 8 8 8 8 2 2 2 8 8 8 8 8 8 16 16 16 16 16 16 24 24 24 24 24 24 8 8 8 8
0 8 15 15 12 51 16 8 16 8 2 8 12 2 24 24 52 24 19 8 7 16 2 2 8 8 8 5 5 3 3 3 3 3 3 48 41 4 1 0 2 2 2 0 8 38 2 2 0 0 0 0 2 2 2 2 0 0 0 0 2 2 8 8 0 0 0 0 2 2 2 2 0 0 0 0 26 26 13 13 2 2 2 2 0 0 0 0 2 2 2 2 2 2 2 2 48 48 15 15 13 13 8 8 34 34 34 34 34 34 34 34 34 34 34 34 13 13 13 13 34 34 34 34 53 53 53 53 2 2 0 0 8 8 0 0 34 34 34 34 53 53 53 53 2 2 0 0 2 2 2 2 2 2 2 2 2 2 2 2
0 0 0 0 0 0 0 0 0 0 0 0 0 0 0 0 3 3 2 2 0 0 6 6 3 3 2 2 0 0 2 2 0 0 2 2 0 0 0 0 8 8 8 8 0 0 0 0 36 36 36 36 2 2 24 8 16 8 0 2 0 0 6 6 3 3 2 2 0 0 6 6 3 3 2 2 0 2 0 2 0 0 0 0 0 0 0 0 0 0 0 0 0 0 0 0 0 0 0 6 9 9 9 9 9 9 9 9 9 9 45 7 0 0 1 2 0 0 0 0 3 3 1 1 8 8 0 0 15 15 3 3 25 25 25 25 25 25 8 3 48 48 3 13 0 0 8 8 0 0 0 0 3 3 1 1 8 8 0 0
19 19 19 19 8 16 8 8 19 19 19 19 7 16 8 8 19 16 16 16 42 2 2 0 19 16 16 39 28 0 0 19 19 0 0 0 19 16 5 5 2 2 2 16 19 2 16 19 2 2 2 16 19 2 16 19 8 8 8 8 8 8 8 8 8 8 8 8 8 8 8 8 16 16 16 16 16 16 8 8 16 16 8 8 8 8 16 16 8 8 16 16 8 8 16 16 36 36 43 43 5 5 8 16 7 7 2 2 2 2 2 2 16 16 2 2 2 2 2 16 2 2 2 16 2 2 16 16 16 16 5 5 5 19 19 19 16 2 16 16 2 2 2 2 16 16 5 5 31 31 2 2 0 0 2 2 16 16 36 2
0 0 0 0 0 0 0 0 0 0 0 0 0 0 0 0 0 27 27 12 1 28 15 3 0 16 1 8 0 1 8 8 0 27 27 12 1 28 15 3 0 16 1 8 0 5 8 2 0 16 1 2 0 5 8 2 0 19 45 28 15 3 0 8 0 0 0 0 0 0 0 26 3 3 26 26 3 44 5 0 6 6 0 0 6 46 6 3 3 3 3 3 3 44 5 0 6 46 6 3 26 45 26 25 26 26 26 26 26 26 26 26 26 26 26 26 26 26 26 26 8 8 8 8 8 8 8 8 8 8 8 8 8 8 8 8 0 0 0 0 0 0 0 0 0 0 0 8 8 8 8 8 8 8 8 8 8 8 8 8
0 0 0 0 0 0 0 0 0 3 3 3 1 1 1 2 2 2 2 2 2 0 0 0 8 8 8 0 0 0 3 3 13 8 8 8 8 8 8 8 8 8 8 8 8 14 14 14 14 14 14 14 14 14 14 14 14 2 2 2 2 2 2 2 2 2 2 2 2 0 0 0 2 2 2 2 2 2 0 0 0 0 0 0 2 2 2 2 2 2 0 0 0 8 8 8 15 15 15 13 13 13 2 2 2 2 2 2 7 7 7 2 2 2 0 0 0 2 2 2 7 7 7 2 2 2 0 0 0 3 3 1 0 0 2 0 0 0 2 2 2 0 0 0 2 2 2 0 0 0 0 0 0 0 0 0 3 3 3 1
16 16 16 16 16 16 16 16 16 16 16 16 8 8 8 19 19 19 8 8 8 8 0 0 0 0 0 0 0 0 0 0 0 0 0 0 8 8 8 19 19 19 8 8 8 8 8 8 8 8 8 19 19 19 8 8 8 8 8 8 7 7 7 42 42 42 7 7 7 7 7 7 7 7 7 7 7 7 7 7 7 7 7 7 7 7 7 7 24 24 8 8 8 8 16 16 16 16 16 16 16 16 16 16 16 16 16 16 16 16 16 16 16 16 8 8 8 8 8 8 8 8 8 19 19 19 8 8 8 8 8 8 8 8 8 2 2 2 8 8 8 8 8 8 16 16 16 16 16 16 24 24 24 24 24 24 8 8 8 8
0 0 0 0 26 26 26 26 8 2 0 26 0 2 0 0 0 0 2 2 2 2 0 0 0 0 1 2 0 15 31 31 14 0 1 2 0 2 0 2 0 2 0 2 0 2 0 0 0 0 0 0 0 0 0 0 2 2 2 2 2 2 2 2 0 2 0 2 0 13 2 2 0 2 0 2 0 0 6 6 3 3 19 19 0 0 0 2 0 0 0 2 0 0 0 0 0 0 2 2 2 2 0 15 26 2 0 15 26 2 0 15 1 2 0 0 0 0 0 0 0 0 2 2 0 0 0 0 0 0 26 26 26 26 8 2 0 26 0 2 0 0 0 0 2 2 2 2 0 0 0 0 1 2 0 15 31 31 14 0
0 0 0 0 0 0 0 0 0 0 0 0 0 0 0 1 0 0 0 2 0 0 0 0 0 0 0 0 0 0 0 0 0 0 0 0 0 1 0 0 0 2 0 0 0 1 0 0 0 8 0 0 0 8 0 0 0 8 0 0 2 2 0 0 2 2 0 0 2 2 0 0 8 8 0 0 8 8 8 8 8 8 8 8 8 8 8 8 8 8 0 0 0 0 0 0 0 0 0 0 0 0 0 0 0 5 8 8 5 18 8 8 5 5 8 8 5 18 8 8 5 18 8 8 5 18 8 8 8 8 0 0 0 0 2 2 2 2 0 0 0 0 2 2 16 16 16 16 16 16 2 2 2 2 16 44 2 2 0 19
0 26 8 0 3 3 0 0 2 0 0 8 0 26 8 0 3 3 0 0 2 0 0 0 46 3 31 0 0 0 46 3 31 0 0 0 46 3 1 8 3 25 29 1 1 2 0 0 46 3 31 0 0 0 46 3 31 0 0 0 46 3 1 8 3 25 29 1 1 2 0 0 0 1 0 0 1 0 25 15 30 3 27 8 0 1 14 0 1 0 48 15 13 8 48 15 13 8 0 0 0 0 2 0 2 0 0 0 2 2 2 0 0 0 0 1 0 0 1 0 25 15 8 3 27 8 0 1 14 0 1 0 48 15 17 3 9 1 2 0 9 1 2 0 2 0 0 2 2 0 2 0 2 0 0 0 2 2 2 0
0 0 0 6 6 6 3 3 3 3 3 3 26 26 26 2 2 2 0 0 0 0 0 0 2 2 2 0 0 0 0 0 0 6 6 6 3 3 3 3 3 3 26 26 26 2 2 2 0 0 0 0 0 0 2 2 2 0 0 0 0 0 0 0 1 6 3 3 3 3 3 6 3 3 13 8 8 2 0 0 0 0 0 2 0 0 0 0 1 0 3 3 3 3 3 0 26 26 13 8 8 2 0 0 0 0 0 0 26 26 13 8 8 2 0 0 0 26 26 26 0 0 0 2 2 2 0 0 0 26 26 26 0 0 0 2 2 2 0 0 0 26 26 26 0 0 0 2 2 2 0 0 0 26 26 26 0 0 0 2
0 0 0 0 0 0 0 0 0 0 0 0 0 0 0 1 0 0 0 2 0 0 0 0 0 0 0 0 0 0 0 0 0 0 0 0 0 1 0 0 0 2 0 0 0 1 0 0 0 8 0 0 0 8 0 0 0 8 0 0 2 2 0 0 2 2 0 0 2 2 0 0 8 8 0 0 8 8 8 8 8 8 8 8 8 8 8 8 8 8 0 0 0 0 0 0 0 0 0 0 0 0 0 0 0 5 8 8 5 18 8 8 5 5 8 8 5 18 8 8 5 18 8 8 5 18 8 8 8 8 0 0 0 0 2 2 2 2 0 0 0 0 2 2 16 16 16 16 16 16 2 2 2 2 16 44 2 2 0 19
0 0 0 6 6 6 3 3 3 3 3 3 26 26 26 2 2 2 0 0 0 0 0 0 2 2 2 0 0 0 0 0 0 6 6 6 3 3 3 3 3 3 26 26 26 2 2 2 0 0 0 0 0 0 2 2 2 0 0 0 0 0 0 0 1 6 3 3 3 3 3 6 3 3 13 8 8 2 0 0 0 0 0 2 0 0 0 0 1 0 3 3 3 3 3 0 26 26 13 8 8 2 0 0 0 0 0 0 26 26 13 8 8 2 0 0 0 26 26 26 0 0 0 2 2 2 0 0 0 26 26 26 0 0 0 2 2 2 0 0 0 26 26 26 0 0 0 2 2 2 0 0 0 26 26 26 0 0 0 2
0 0 0 0 0 0 0 0 0 0 0 0 0 26 26 0 0 0 2 38 38 2 2 2 0 26 26 0 6 6 3 3 3 0 2 2 0 0 0 0 3 3 0 0 0 2 2 2 0 0 0 0 0 0 2 2 2 2 2 2 0 0 0 0 0 0 2 2 2 2 2 2 6 6 6 6 6 6 3 3 3 3 3 3 7 7 7 7 7 7 16 16 16 16 16 16 39 39 39 39 39 39 2 2 2 16 16 16 2 2 2 16 16 16 8 8 8 8 8 8 2 2 2 2 0 0 2 2 2 2 0 0 40 15 15 41 3 3 10 1 1 0 2 2 0 0 0 0 0 0 2 2 2 2 0 0 2 2 2 2
0 0 0 0 0 0 0 0 0 0 0 0 0 0 0 1 0 0 0 2 0 0 0 0 0 0 0 0 0 0 0 0 0 0 0 0 0 1 0 0 0 2 0 0 0 1 0 0 0 8 0 0 0 8 0 0 0 8 0 0 2 2 0 0 2 2 0 0 2 2 0 0 8 8 0 0 8 8 8 8 8 8 8 8 8 8 8 8 8 8 0 0 0 0 0 0 0 0 0 0 0 0 0 0 0 5 8 8 5 18 8 8 5 5 8 8 5 18 8 8 5 18 8 8 5 18 8 8 8 8 0 0 0 0 2 2 2 2 0 0 0 0 2 2 16 16 16 16 16 16 2 2 2 2 16 44 2 2 0 19
0 0 0 0 0 0 0 0 0 0 0 0 0 0 0 0 0 27 27 12 1 28 15 3 0 16 1 8 0 1 8 8 0 27 27 12 1 28 15 3 0 16 1 8 0 5 8 2 0 16 1 2 0 5 8 2 0 19 45 28 15 3 0 8 0 0 0 0 0 0 0 26 3 3 26 26 3 44 5 0 6 6 0 0 6 46 6 3 3 3 3 3 3 44 5 0 6 46 6 3 26 45 26 25 26 26 26 26 26 26 26 26 26 26 26 26 26 26 26 26 8 8 8 8 8 8 8 8 8 8 8 8 8 8 8 8 0 0 0 0 0 0 0 0 0 0 0 8 8 8 8 8 8 8 8 8 8 8 8 8
0 0 0 0 8 8 8 8 2 2 2 2 0 0 0 0 0 0 2 2 0 0 2 2 0 0 26 26 8 8 0 0 0 0 2 2 0 0 2 2 0 0 27 27 0 0 2 2 0 0 0 0 0 0 0 0 0 0 0 0 3 3 2 2 0 0 0 0 0 0 0 0 15 15 9 9 1 1 1 13 2 2 2 2 0 0 2 0 2 2 2 2 0 0 2 0 8 8 8 8 8 8 8 8 16 16 16 16 13 13 13 13 2 2 2 2 17 17 17 17 5 5 16 16 2 2 2 2 16 16 16 16 13 13 13 13 2 2 2 2 17 17 17 17 5 5 16 16 2 2 2 2 16 16 16 2 16 16 2
8 8 8 8 0 0 8 8 0 0 0 0 8 8 8 0 2 2 2 2 2 2 2 2 0 0 0 0 0 0 0 0 1 1 2 2 0 0 0 0 0 0 0 0 2 2 2 2 0 0 0 0 15 15 1 1 1 1 2 2 0 0 0 0 8 8 8 8 0 0 8 8 0 0 0 0 8 8 8 8 16 16 5 5 8 8 8 8 16 16 2 2 16 16 16 16 2 2 16 16 8 8 8 8 16 16 2 2 16 16 5 5 16 16 8 8 16 16 16 16 2 2 16 16 2 2 2 2 16 16 25 25 16 16 16 16 2 2 0 0 2 2 2 2 0 0 25 25 0 0 0 0 3 3 3 3 1 1 1 1
26 26 26 26 26 26 26 26 26 19 19 19 19 19 19 0 0 0 2 2 2 0 0 0 0 0 0 26 26 26 26 26 26 26 26 26 19 19 19 19 19 19 0 0 0 2 2 2 0 0 0 3 3 3 50 50 50 26 26 7 0 0 0 3 3 3 50 50 50 26 26 7 0 0 0 2 2 2 0 0 0 2 2 2 31 31 31 4 4 4 8 8 8 8 8 8 34 34 34 34 34 34 34 34 24 34 34 7 34 34 24 34 34 7 34 34 24 34 34 7 34 34 24 34 34 7 39 39 39 8 8 8 8 8 8 0 0 0 0 0 0 3 3 3 1 1 13 2 2 2 2 2 28 15 1 2 0 0 0 0
0 0 0 0 0 0 0 0 0 0 0 0 0 0 0 0 0 27 27 12 1 28 15 3 0 16 1 8 0 1 8 8 0 27 27 12 1 28 15 3 0 16 1 8 0 5 8 2 0 16 1 2 0 5 8 2 0 19 45 28 15 3 0 8 0 0 0 0 0 0 0 26 3 3 26 26 3 44 5 0 6 6 0 0 6 46 6 3 3 3 3 3 3 44 5 0 6 46 6 3 26 45 26 25 26 26 26 26 26 26 26 26 26 26 26 26 26 26 26 26 8 8 8 8 8 8 8 8 8 8 8 8 8 8 8 8 0 0 0 0 0 0 0 0 0 0 0 8 8 8 8 8 8 8 8 8 8 8 8 8
0 0 0 0 2 2 2 2 0 2 0 2 0 6 3 3 3 2 0 1 0 2 0 0 0 0 0 39 39 39 39 39 8 8 8 8 0 0 0 0 0 0 2 2 2 2 2 2 2 2 0 0 0 0 1 1 2 2 0 2 0 2 0 2 0 2 0 2 0 2 0 0 0 0 2 0 2 0 1 8 0 0 36 8 36 8 36 2 24 24 19 19 2 0 2 0 2 0 2 0 1 1 1 1 1 1 2 2 0 0 0 0 3 13 0 8 0 0 0 0 3 13 0 8 0 19 8 8 0 0 0 0 0 0 0 0 2 2 2 2 0 2 0 2 0 6 3 3 3 2 0 1 0 2 0 0 0 0 0 39
16 16 16 16 16 16 16 16 16 16 16 2 7 7 7 7 7 7 7 7 7 7 7 16 16 16 16 7 7 16 16 16 16 7 7 16 16 16 16 7 7 16 25 25 24 8 8 8 7 7 7 16 16 16 36 36 36 16 16 16 2 2 2 16 16 16 16 16 16 8 8 8 8 8 8 16 16 16 16 16 16 36 36 36 8 8 8 16 16 16 16 16 16 0 0 0 2 2 2 0 0 0 31 31 31 0 0 0 2 2 2 16 16 16 7 7 7 16 16 16 2 2 2 0 0 0 31 31 31 0 0 0 39 39 39 8 8 8 19 19 19 8 8 8 2 2 2 0 0 0 2 2 2 0 0 0 1 1 1 0
8 8 8 8 8 8 8 2 16 8 16 2 16 8 16 17 5 16 5 18 19 19 8 8 20 20 20 20 20 20 20 21 22 22 22 17 5 5 5 23 23 7 7 7 7 19 19 19 16 16 16 16 16 16 16 16 16 16 16 16 16 16 16 16 16 16 16 16 16 16 16 16 16 16 16 16 16 16 2 2 16 16 16 16 16 16 16 16 16 16 16 16 16 16 16 16 2 2 2 2 2 2 2 2 2 2 2 2 2 2 2 2 16 16 16 16 16 16 16 16 8 8 8 8 8 8 8 8 24 24 24 24 24 24 24 24 25 25 25 25 25 25 25 25 16 16 16 16 19 19 19 19 19 19 19 19 19 19 19 19
0 0 0 0 0 0 0 2 0 0 0 0 0 0 0 0 0 0 0 0 0 0 0 2 0 0 0 0 16 16 16 16 2 2 2 34 2 34 2 34 2 2 2 2 16 16 16 16 8 8 8 8 0 0 0 0 0 0 0 2 0 0 0 0 0 0 0 0 16 16 16 16 16 16 16 2 16 16 16 16 16 16 16 16 18 18 18 18 2 2 16 16 2 2 16 16 2 2 16 16 2 2 16 16 8 16
0 0 0 0 0 0 0 0 0 3 3 3 1 1 1 2 2 2 2 2 2 0 0 0 8 8 8 0 0 0 3 3 13 8 8 8 8 8 8 8 8 8 8 8 8 14 14 14 14 14 14 14 14 14 14 14 14 2 2 2 2 2 2 2 2 2 2 2 2 0 0 0 2 2 2 2 2 2 0 0 0 0 0 0 2 2 2 2 2 2 0 0 0 8 8 8 15 15 15 13 13 13 2 2 2 2 2 2 7 7 7 2 2 2 0 0 0 2 2 2 7 7 7 2 2 2 0 0 0 3 3 1 0 0 2 0 0 0 2 2 2 0 0 0 2 2 2 0 0 0 0 0 0 0 0
0 0 0 0 0 0 0 2 0 0 0 0 0 0 0 0 0 0 0 0 0 0 0 2 0 0 0 0 16 16 16 16 2 2 2 34 2 34 2 34 2 2 2 2 16 16 16 16 8 8 8 8 0 0 0 0 0 0 0 2 0 0 0 0 0 0 0 0 16 16 16 16 16 16 16 2 16 16 16 16 16 16 16 16 18 18 18 18 2 2 16 16 2 2 16 16 2 2 16 16 2 2 16 16 8 16 8 16 8 16 8 16 8 8 8 8 8 8 8 8 8 8 8 8 8 8 8 8 2 2 2 2 2 2 2 2 0 0 2 15 48 48 3 3 2 2 0 26 0 0 2 2 0 0 2 15 48 48 3 3
0 0 0 2 2 2 0 0 0 2 2 2 0 0 0 2 2 2 2 2 2 0 0 0 6 6 6 3 3 0 0 0 2 0 0 0 2 2 2 0 0 0 2 2 2 0 0 0 13 13 8 13 13 2 18 18 3 3 0 1 0 1 0 3 0 1 0 1 0 0 2 0 0 13 13 8 13 8 2 2 8 0 0 0 0 0 0 0 0 0 26 26 8 4 7 0 3 3 2 0 0 2 0 0 2 0 0 0 0 0 0 0 0 0 24 24 24 16 16 16 2 2 2 2 2 2 16 16 16 16 16 16 2 2 2 16 16 16 2 2 2 0 0 0 2 2 2 16 16 16 2 2 2 16 16 16 2 2 2 1
0 8 15 15 12 51 16 8 16 8 2 8 12 2 24 24 52 24 19 8 7 16 2 2 8 8 8 5 5 3 3 3 3 3 3 48 41 4 1 0 2 2 2 0 8 38 2 2 0 0 0 0 2 2 2 2 0 0 0 0 2 2 8 8 0 0 0 0 2 2 2 2 0 0 0 0 26 26 13 13 2 2 2 2 0 0 0 0 2 2 2 2 2 2 2 2 48 48 15 15 13 13 8 8 34 34 34 34 34 34 34 34 34 34 34 34 13 13 13 13 34 34 34 34 53 53 53 53 2 2 0 0 8 8 0 0 34 34 34 34 53 53 53 53 2 2 0 0 2 2 2 2 2 2 2 2 2 2 2 2
16 16 19 8 7 7 7 16 19 19 19 8 19 29 1 0 0 0 1 28 28 21 12 47 13 13 7 25 7 7 2 5 2 2 24 24 24 34 16 2 16 16 16 16 5 5 5 5 17 17 17 17 5 5 5 5 16 16 2 2 16 16 1 1 16 16 19 19 19 19 2 2 16 16 16 16 5 5 5 5 17 17 17 17 5 5 5 5 16 16 2 2 16 16 1 1 16 16 19 19 19 19 19 19 8 8 8 8 16 16 16 16 2 2 2 2 16 16 19 19 8 8 8 8 16 16 16 16 2 2 2 2 16 16 19 19 0 0 25 25 0 0 25 25 0 0 0 0 2 2 2 2 0 0 25 25 0 0 25 25
0 8 15 15 12 51 16 8 16 8 2 8 12 2 24 24 52 24 19 8 7 16 2 2 8 8 8 5 5 3 3 3 3 3 3 48 41 4 1 0 2 2 2 0 8 38 2 2 0 0 0 0 2 2 2 2 0 0 0 0 2 2 8 8 0 0 0 0 2 2 2 2 0 0 0 0 26 26 13 13 2 2 2 2 0 0 0 0 2 2 2 2 2 2 2 2 48 48 15 15 13 13 8 8 34 34 34 34 34 34 34 34 34 34 34 34 13 13 13 13 34 34 34 34 53 53 53 53 2 2 0 0 8 8 0 0 34 34 34 34 53 53 53 53 2 2 0 0 2 2 2 2 2 2 2 2 2 2 2 2
8 8 8 8 8 8 8 2 16 8 16 2 16 8 16 17 5 16 5 18 19 19 8 8 20 20 20 20 20 20 20 21 22 22 22 17 5 5 5 23 23 7 7 7 7 19 19 19 16 16 16 16 16 16 16 16 16 16 16 16 16 16 16 16 16 16 16 16 16 16 16 16 16 16 16 16 16 16 2 2 16 16 16 16 16 16 16 16 16 16 16 16 16 16 16 16 2 2 2 2 2 2 2 2 2 2 2 2 2 2 2 2 16 16 16 16 16 16 16 16 8 8 8 8 8 8 8 8 24 24 24 24 24 24 24 24 25 25 25 25 25 25 25 25 16 16 16 16 19 19 19 19 19 19 19 19 19 19 19 19
16 16 16 16 16 16 16 16 16 16 16 2 7 7 7 7 7 7 7 7 7 7 7 16 16 16 16 7 7 16 16 16 16 7 7 16 16 16 16 7 7 16 25 25 24 8 8 8 7 7 7 16 16 16 36 36 36 16 16 16 2 2 2 16 16 16 16 16 16 8 8 8 8 8 8 16 16 16 16 16 16 36 36 36 8 8 8 16 16 16 16 16 16 0 0 0 2 2 2 0 0 0 31 31 31 0 0 0 2 2 2 16 16 16 7 7 7 16 16 16 2 2 2 0 0 0 31 31 31 0 0 0 39 39 39 8 8 8 19 19 19 8 8 8 2 2 2 0 0 0 2 2 2 0 0 0 1 1 1 0
16 16 16 16 16 16 16 16 16 16 16 16 8 8 8 19 19 19 8 8 8 8 0 0 0 0 0 0 0 0 0 0 0 0 0 0 8 8 8 19 19 19 8 8 8 8 8 8 8 8 8 19 19 19 8 8 8 8 8 8 7 7 7 42 42 42 7 7 7 7 7 7 7 7 7 7 7 7 7 7 7 7 7 7 7 7 7 7 24 24 8 8 8 8 16 16 16 16 16 16 16 16 16 16 16 16 16 16 16 16 16 16 16 16 8 8 8 8 8 8 8 8 8 19 19 19 8 8 8 8 8 8 8 8 8 2 2 2 8 8 8 8 8 8 16 16 16 16 16 16 24 24 24 24 24 24 8 8 8 8
8 8 8 8 8 8 8 2 16 8 16 2 16 8 16 17 5 16 5 18 19 19 8 8 20 20 20 20 20 20 20 21 22 22 22 17 5 5 5 23 23 7 7 7 7 19 19 19 16 16 16 16 16 16 16 16 16 16 16 16 16 16 16 16 16 16 16 16 16 16 16 16 16 16 16 16 16 16 2 2 16 16 16 16 16 16 16 16 16 16 16 16 16 16 16 16 2 2 2 2 2 2 2 2 2 2 2 2 2 2 2 2 16 16 16 16 16 16 16 16 8 8 8 8 8 8 8 8 24 24 24 24 24 24 24 24 25 25 25 25 25 25 25 25 16 16 16 16 19 19 19 19 19 19 19 19 19 19 19 19
16 16 16 16 16 16 16 16 16 16 16 2 7 7 7 7 7 7 7 7 7 7 7 16 16 16 16 7 7 16 16 16 16 7 7 16 16 16 16 7 7 16 25 25 24 8 8 8 7 7 7 16 16 16 36 36 36 16 16 16 2 2 2 16 16 16 16 16 16 8 8 8 8 8 8 16 16 16 16 16 16 36 36 36 8 8 8 16 16 16 16 16 16 0 0 0 2 2 2 0 0 0 31 31 31 0 0 0 2 2 2 16 16 16 7 7 7 16 16 16 2 2 2 0 0 0 31 31 31 0 0 0 39 39 39 8 8 8 19 19 19 8 8 8 2 2 2 0 0 0 2 2 2 0 0 0 1 1 1 0
0 0 0 0 0 0 0 2 0 0 0 0 0 0 0 0 0 0 0 0 0 0 0 2 0 0 0 0 16 16 16 16 2 2 2 34 2 34 2 34 2 2 2 2 16 16 16 16 8 8 8 8 0 0 0 0 0 0 0 2 0 0 0 0 0 0 0 0 16 16 16 16 16 16 16 2 16 16 16 16 16 16 16 16 18 18 18 18 2 2 16 16 2 2 16 16 2 2 16 16 2 2 16 16 8 16 8 16 8 16 8 16 8 8 8 8 8 8 8 8 8 8 8 8 8 8 8 8 2 2 2 2 2 2 2 2 0 0 2 15 48 48 3 3 2 2 0 26 0 0 2 2 0 0 2 15 48 48 3 3
0 26 8 0 3 3 0 0 2 0 0 8 0 26 8 0 3 3 0 0 2 0 0 0 46 3 31 0 0 0 46 3 31 0 0 0 46 3 1 8 3 25 29 1 1 2 0 0 46 3 31 0 0 0 46 3 31 0 0 0 46 3 1 8 3 25 29 1 1 2 0 0 0 1 0 0 1 0 25 15 30 3 27 8 0 1 14 0 1 0 48 15 13 8 48 15 13 8 0 0 0 0 2 0 2 0 0 0 2 2 2 0 0 0 0 1 0 0 1 0 25 15 8 3 27 8 0 1 14 0 1 0 48 15 17 3 9 1 2 0 9
8 8 8 8 0 0 8 8 0 0 0 0 8 8 8 0 2 2 2 2 2 2 2 2 0 0 0 0 0 0 0 0 1 1 2 2 0 0 0 0 0 0 0 0 2 2 2 2 0 0 0 0 15 15 1 1 1 1 2 2 0 0 0 0 8 8 8 8 0 0 8 8 0 0 0 0 8 8 8 8 16 16 5 5 8 8 8 8 16 16 2 2 16 16 16 16 2 2 16 16 8 8 8 8 16 16 2 2 16 16 5 5 16 16 8 8 16 16 16 16 2 2 16 16 2 2 2 2 16 16 25 25 16 16 16 16 2 2 0 0 2 2 2 2 0 0 25 25 0 0 0 0 3 3 3 3 1 1 1 1
0 2 2 0 8 8 3 0 25 15 0 8 0 2 2 0 8 8 3 0 0 0 0 0 9 1 1 2 0 0 0 28 29 0 28 3 0 2 30 0 2 2 0 8 8 3 0 0 0 0 0 0 2 2 0 8 8 3 0 31 3 0 8 0 2 2 0 8 8 3 0 31 0 0 0 9 1 1 2 0 0 0 28 29 0 15 15 0 2 30 0 2 2 0 8 8 3 0 31 0 0 0 0 2 2 0 2 8 3 0 25 3 0 8 0 2 2 0 2 8 3 0 25 0 0 0 9 1 1 2 0 0 0 25 29 0 15 15 0 2 30 0 2 2 0 2 8 3 0 25 0 0 16 16 25 25 16 23 23 32
0 0 0 2 2 2 0 0 0 2 2 2 0 0 0 2 2 2 2 2 2 0 0 0 6 6 6 3 3 0 0 0 2 0 0 0 2 2 2 0 0 0 2 2 2 0 0 0 13 13 8 13 13 2 18 18 3 3 0 1 0 1 0 3 0 1 0 1 0 0 2 0 0 13 13 8 13 8 2 2 8 0 0 0 0 0 0 0 0 0 26 26 8 4 7 0 3 3 2 0 0 2 0 0 2 0 0 0 0 0 0 0 0 0 24 24 24 16 16 16 2 2 2 2 2 2 16 16 16 16 16 16 2 2 2 16 16 16 2 2 2 0 0 0 2 2 2 16 16 16 2 2 2 16 16 16 2 2 2 1
0 8 15 15 12 51 16 8 16 8 2 8 12 2 24 24 52 24 19 8 7 16 2 2 8 8 8 5 5 3 3 3 3 3 3 48 41 4 1 0 2 2 2 0 8 38 2 2 0 0 0 0 2 2 2 2 0 0 0 0 2 2 8 8 0 0 0 0 2 2 2 2 0 0 0 0 26 26 13 13 2 2 2 2 0 0 0 0 2 2 2 2 2 2 2 2 48 48 15 15 13 13 8 8 34 34 34 34 34 34 34 34 34 34 34 34 13 13 13 13 34 34 34 34 53 53 53 53 2 2 0 0 8 8 0 0 34 34 34 34 53 53 53 53 2 2 0 0 2 2 2 2 2 2 2 2 2 2 2 2
8 8 8 8 8 8 8 2 16 8 16 2 16 8 16 17 5 16 5 18 19 19 8 8 20 20 20 20 20 20 20 21 22 22 22 17 5 5 5 23 23 7 7 7 7 19 19 19 16 16 16 16 16 16 16 16 16 16 16 16 16 16 16 16 16 16 16 16 16 16 16 16 16 16 16 16 16 16 2 2 16 16 16 16 16 16 16 16 16 16 16 16 16 16 16 16 2 2 2 2 2 2 2 2 2 2 2 2 2 2 2 2 16 16 16 16 16 16 16 16 8 8 8 8 8 8 8 8 24 24 24 24 24 24 24 24 25 25 25 25 25 25 25 25 16 16 16 16 19 19 19 19 19 19 19 19 19 19 19 19
26 26 26 26 26 26 26 26 26 19 19 19 19 19 19 0 0 0 2 2 2 0 0 0 0 0 0 26 26 26 26 26 26 26 26 26 19 19 19 19 19 19 0 0 0 2 2 2 0 0 0 3 3 3 50 50 50 26 26 7 0 0 0 3 3 3 50 50 50 26 26 7 0 0 0 2 2 2 0 0 0 2 2 2 31 31 31 4 4 4 8 8 8 8 8 8 34 34 34 34 34 34 34 34 24 34 34 7 34 34 24 34 34 7 34 34 24 34 34 7 34 34 24 34 34 7 39 39 39 8 8 8 8 8 8 0 0 0 0 0 0 3 3 3 1 1 13 2 2 2 2 2 28 15 1 2 0 0 0 0
0 0 0 0 1 1 1 1 2 2 2 2 0 0 0 0 0 0 0 0 0 0 0 0 0 0 2 2 0 0 2 2 0 0 3 3 0 0 2 2 0 0 3 3 0 0 2 2 0 0 0 0 1 1 4 4 0 0 5 5 6 6 7 7 0 0 7 7 0 0 7 7 0 0 7 7 0 0 7 7 0 0 0 0 0 0 8
16 16 16 16 16 16 16 16 16 16 16 16 8 8 8 19 19 19 8 8 8 8 0 0 0 0 0 0 0 0 0 0 0 0 0 0 8 8 8 19 19 19 8 8 8 8 8 8 8 8 8 19 19 19 8 8 8 8 8 8 7 7 7 42 42 42 7 7 7 7 7 7 7 7 7 7 7 7 7 7 7 7 7 7 7 7 7 7 24 24 8 8 8 8 16 16 16 16 16 16 16 16 16 16 16 16 16 16 16 16 16 16 16 16 8 8 8 8 8 8 8 8 8 19 19 19 8 8 8 8 8 8 8 8 8 2 2 2 8 8 8 8 8 8 16 16 16 16 16 16 24 24 24 24 24 24 8 8 8 8
16 16 19 8 7 7 7 16 19 19 19 8 19 29 1 0 0 0 1 28 28 21 12 47 13 13 7 25 7 7 2 5 2 2 24 24 24 34 16 2 16 16 16 16 5 5 5 5 17 17 17 17 5 5 5 5 16 16 2 2 16 16 1 1 16 16 19 19 19 19 2 2 16 16 16 16 5 5 5 5 17 17 17 17 5 5 5 5 16 16 2 2 16 16 1 1 16 16 19 19 19 19 19 19 8 8 8 8 16 16 16 16 2 2 2 2 16 16 19 19 8 8 8 8 16 16 16 16 2 2 2 2 16 16 19 19 0 0 25 25 0 0 25 25 0 0 0 0 2 2 2 2 0 0 25 25 0 0 25 25
16 16 16 16 55 55 55 55 24 24 23 23 2 2 2 2 16 16 16 16 2 2 2 2 16 16 1 1 0 0 2 2 0 0 0 0 16 16 16 16 52 52 52 52 24 16 7 2 16 16 34 34 16 16 8 8 16 16 35 35 23 23 23 23 35 35 35 35 23 23 23 23 35 35 7 7 2 2 16 16 23 23 19 19 16 16 8 8 16 16 16 16 2 2 2 2 16 16 7 5 2 2 2 2 16 16 36 19 2 2 2 2 2 2 2 2 16
0 0 0 0 0 0 0 0 0 3 3 3 1 1 1 2 2 2 2 2 2 0 0 0 8 8 8 0 0 0 3 3 13 8 8 8 8 8 8 8 8 8 8 8 8 14 14 14 14 14 14 14 14 14 14 14 14 2 2 2 2 2 2 2 2 2 2 2 2 0 0 0 2 2 2 2 2 2 0 0 0 0 0 0 2 2 2 2 2 2 0 0 0 8 8 8 15 15 15 13 13 13 2 2 2 2 2 2 7 7 7 2 2 2 0 0 0 2 2 2 7 7 7 2 2 2 0 0 0 3 3 1 0 0 2 0 0 0 2 2 2 0 0 0 2 2 2 0 0 0 0 0 0 0 0 0 3 3 3 1
16 16 19 8 7 7 7 16 19 19 19 8 19 29 1 0 0 0 1 28 28 21 12 47 13 13 7 25 7 7 2 5 2 2 24 24 24 34 16 2 16 16 16 16 5 5 5 5 17 17 17 17 5 5 5 5 16 16 2 2 16 16 1 1 16 16 19 19 19 19 2 2 16 16 16 16 5 5 5 5 17 17 17 17 5 5 5 5 16 16 2 2 16 16 1 1 16 16 19 19 19 19 19 19 8 8 8 8 16 16 16 16 2 2 2 2 16 16 19 19 8 8 8 8 16 16 16 16 2 2 2 2 16 16 19 19 0 0 25 25 0 0 25 25 0 0 0 0 2 2 2 2 0 0 25 25 0 0 25 25
0 0 0 0 0 0 0 0 0 0 0 0 0 26 26 0 0 0 2 38 38 2 2 2 0 26 26 0 6 6 3 3 3 0 2 2 0 0 0 0 3 3 0 0 0 2 2 2 0 0 0 0 0 0 2 2 2 2 2 2 0 0 0 0 0 0 2 2 2 2 2 2 6 6 6 6 6 6 3 3 3 3 3 3 7 7 7 7 7 7 16 16 16 16 16 16 39 39 39 39 39 39 2 2 2 16 16 16 2 2 2 16 16 16 8 8 8 8 8 8 2 2 2 2 0 0 2 2 2 2 0 0 40 15 15 41 3 3 10 1 1 0 2 2 0 0 0 0 0 0 2 2 2 2 0 0 2 2 2 2
0 0 25 0 3 8 0 0 0 0 0 0 2 2 2 2 0 3 0 15 8 0 0 0 2 2 2 2 0 0 0 0 2 2 2 2 0 8 0 0 0 0 1 1 8 0 2 2 2 2 2 2 0 0 0 0 25 25 25 25 2 2 2 2 16 25 16 16 19 49 19 49 19 49 49 16 19 49 19 49 19 49 49 16 2 0 0 0 19 19 19 19 39 39 39 39 2 2 2 2 0 0 0 3 0 0 0 2 0 0 0 3 0 0 9 1 2 2 2 2 0 0 9 1 2 2 2 2 0 0 2 2 0 0 0 2 0 2 0 2 0 2 2 2 0 0 0 0 2 2 2 2 0 3 0 15 8 0 0 0
0 0 0 6 6 6 3 3 3 3 3 3 26 26 26 2 2 2 0 0 0 0 0 0 2 2 2 0 0 0 0 0 0 6 6 6 3 3 3 3 3 3 26 26 26 2 2 2 0 0 0 0 0 0 2 2 2 0 0 0 0 0 0 0 1 6 3 3 3 3 3 6 3 3 13 8 8 2 0 0 0 0 0 2 0 0 0 0 1 0 3 3 3 3 3 0 26 26 13 8 8 2 0 0 0 0 0 0 26 26 13 8 8 2 0 0 0 26 26 26 0 0 0 2 2 2 0 0 0 26 26 26 0 0 0 2 2 2 0 0 0 26 26 26 0 0 0 2 2 2 0 0 0 26 26 26 0 0 0 2
0 0 0 0 1 1 1 1 2 2 2 2 0 0 0 0 0 0 0 0 0 0 0 0 0 0 2 2 0 0 2 2 0 0 3 3 0 0 2 2 0 0 3 3 0 0 2 2 0 0 0 0 1 1 4 4 0 0 5 5 6 6 7 7 0 0 7 7 0 0 7 7 0 0 7 7 0 0 7 7 0 0 0 0 0 0 8 8 0 0 0 0 0 0 0 0 0 0 9 9 1 1 1 1 8 8 8 8 8 8 8 8 8 8 2 2 0 0 0 0 0 0 0 0 10 10 10 10 11 11 9 9 1 1 1 1 8 8 8 8 8 8 8 8 8 8 2 2 0 0 0 0 2 2 0 0 2 2 0 12
0 2 2 0 8 8 3 0 25 15 0 8 0 2 2 0 8 8 3 0 0 0 0 0 9 1 1 2 0 0 0 28 29 0 28 3 0 2 30 0 2 2 0 8 8 3 0 0 0 0 0 0 2 2 0 8 8 3 0 31 3 0 8 0 2 2 0 8 8 3 0 31 0 0 0 9 1 1 2 0 0 0 28 29 0 15 15 0 2 30 0 2 2 0 8 8 3 0 31 0 0 0 0 2 2 0 2 8 3 0 25 3 0 8 0 2 2 0 2 8 3 0 25 0 0 0 9 1 1 2 0 0 0 25 29 0 15 15 0 2 30 0 2 2 0 2 8 3 0 25 0 0 16 16 25 25 16 23 23 32
0 0 25 0 3 8 0 0 0 0 0 0 2 2 2 2 0 3 0 15 8 0 0 0 2 2 2 2 0 0 0 0 2 2 2 2 0 8 0 0 0 0 1 1 8 0 2 2 2 2 2 2 0 0 0 0 25 25 25 25 2 2 2 2 16 25 16 16 19 49 19 49 19 49 49 16 19 49 19 49 19 49 49 16 2 0 0 0 19 19 19 19 39 39 39 39 2 2 2 2 0 0 0 3 0 0 0 2 0 0 0 3 0 0 9 1 2 2 2 2 0 0 9 1 2 2 2 2 0 0 2 2 0 0 0 2 0 2 0 2 0 2 2 2 0 0 0 0 2 2 2 2 0 3 0 15 8 0 0 0
0 0 0 6 6 6 3 3 3 3 3 3 26 26 26 2 2 2 0 0 0 0 0 0 2 2 2 0 0 0 0 0 0 6 6 6 3 3 3 3 3 3 26 26 26 2 2 2 0 0 0 0 0 0 2 2 2 0 0 0 0 0 0 0 1 6 3 3 3 3 3 6 3 3 13 8 8 2 0 0 0 0 0 2 0 0 0 0 1 0 3 3 3 3 3 0 26 26 13 8 8 2 0 0 0 0 0 0 26 26 13 8 8 2 0 0 0 26 26 26 0 0 0 2 2 2 0 0 0 26 26 26 0 0 0 2 2 2 0 0 0 26 26 26 0 0 0 2 2 2 0 0 0 26 26 26 0 0 0 2
0 0 0 0 0 0 0 0 0 0 0 0 0 26 26 0 0 0 2 38 38 2 2 2 0 26 26 0 6 6 3 3 3 0 2 2 0 0 0 0 3 3 0 0 0 2 2 2 0 0 0 0 0 0 2 2 2 2 2 2 0 0 0 0 0 0 2 2 2 2 2 2 6 6 6 6 6 6 3 3 3 3 3 3 7 7 7 7 7 7 16 16 16 16 16 16 39 39 39 39 39 39 2 2 2 16 16 16 2 2 2 16 16 16 8 8 8 8 8 8 2 2 2 2 0 0 2 2 2 2 0 0 40 15 15 41 3 3 10 1 1 0 2 2 0 0 0 0 0 0 2 2 2 2 0 0 2 2 2 2
16 16 19 8 7 7 7 16 19 19 19 8 19 29 1 0 0 0 1 28 28 21 12 47 13 13 7 25 7 7 2 5 2 2 24 24 24 34 16 2 16 16 16 16 5 5 5 5 17 17 17 17 5 5 5 5 16 16 2 2 16 16 1 1 16 16 19 19 19 19 2 2 16 16 16 16 5 5 5 5 17 17 17 17 5 5 5 5 16 16 2 2 16 16 1 1 16 16 19 19 19 19 19 19 8 8 8 8 16 16 16 16 2 2 2 2 16 16 19 19 8 8 8 8 16 16 16 16 2 2 2 2 16 16 19 19 0 0 25 25 0 0 25 25 0 0 0 0 2 2 2 2 0 0 25 25 0 0 25 25
16 16 16 16 16 16 16 16 16 16 16 2 7 7 7 7 7 7 7 7 7 7 7 16 16 16 16 7 7 16 16 16 16 7 7 16 16 16 16 7 7 16 25 25 24 8 8 8 7 7 7 16 16 16 36 36 36 16 16 16 2 2 2 16 16 16 16 16 16 8 8 8 8 8 8 16 16 16 16 16 16 36 36 36 8 8 8 16 16 16 16 16 16 0 0 0 2 2 2 0 0 0 31 31 31 0 0 0 2 2 2 16 16 16 7 7 7 16 16 16 2 2 2 0 0 0 31 31 31 0 0 0 39 39 39 8 8 8 19 19 19 8 8 8 2 2 2 0 0 0 2 2 2 0 0 0 1 1 1 0
0 0 0 0 0 0 0 0 0 0 0 0 0 0 0 0 3 3 2 2 0 0 6 6 3 3 2 2 0 0 2 2 0 0 2 2 0 0 0 0 8 8 8 8 0 0 0 0 36 36 36 36 2 2 24 8 16 8 0 2 0 0 6 6 3 3 2 2 0 0 6 6 3 3 2 2 0 2 0 2 0 0 0 0 0 0 0 0 0 0 0 0 0 0 0 0 0 0 0 6 9 9 9 9 9 9
8 8 8 8 8 8 8 2 16 8 16 2 16 8 16 17 5 16 5 18 19 19 8 8 20 20 20 20 20 20 20 21 22 22 22 17 5 5 5 23 23 7 7 7 7 19 19 19 16 16 16 16 16 16 16 16 16 16 16 16 16 16 16 16 16 16 16 16 16 16 16 16 16 16 16 16 16 16 2 2 16 16 16 16 16 16 16 16 16 16 16 16 16 16 16 16 2 2 2 2 2 2 2 2 2 2 2 2 2 2 2 2 16 16 16 16 16 16 16 16 8 8 8 8 8 8 8 8 24 24 24 24 24 24 24 24 25 25 25 25 25 25 25 25 16 16 16 16 19 19 19 19 19 19 19 19 19 19 19 19
16 16 16 16 16 16 16 16 16 16 16 2 7 7 7 7 7 7 7 7 7 7 7 16 16 16 16 7 7 16 16 16 16 7 7 16 16 16 16 7 7 16 25 25 24 8 8 8 7 7 7 16 16 16 36 36 36 16 16 16 2 2 2 16 16 16 16 16 16 8 8 8 8 8 8 16 16 16 16 16 16 36 36 36 8 8 8 16 16 16 16 16 16 0 0 0 2 2 2 0 0 0 31 31 31 0 0 0 2 2 2 16 16 16 7 7 7 16 16 16 2 2 2 0 0 0 31 31 31 0 0 0 39 39 39 8 8 8 19 19 19 8 8 8 2 2 2 0 0 0 2 2 2 0 0 0 1 1 1 0
0 0 0 0 0 0 0 0 0 0 0 0 0 0 0 0 3 3 2 2 0 0 6 6 3 3 2 2 0 0 2 2 0 0 2 2 0 0 0 0 8 8 8 8 0 0 0 0 36 36 36 36 2 2 24 8 16 8 0 2 0 0 6 6 3 3 2 2 0 0 6 6 3 3 2 2 0 2 0 2 0 0 0 0 0 0 0 0 0 0 0 0 0 0 0 0 0 0 0 6 9 9 9 9 9 9 9 9 9 9 45 7 0 0 1 2 0 0 0 0 3 3 1 1 8 8 0 0 15 15 3 3 25 25 25 25 25 25 8 3 48 48 3 13 0 0 8 8 0 0 0 0 3 3 1 1 8 8 0 0
8 8 8 8 8 8 8 2 16 8 16 2 16 8 16 17 5 16 5 18 19 19 8 8 20 20 20 20 20 20 20 21 22 22 22 17 5 5 5 23 23 7 7 7 7 19 19 19 16 16 16 16 16 16 16 16 16 16 16 16 16 16 16 16 16 16 16 16 16 16 16 16 16 16 16 16 16 16 2 2 16 16 16 16 16 16 16 16 16 16 16 16 16 16 16 16 2 2 2 2 2 2 2 2 2 2 2 2 2 2 2 2 16 16 16 16 16 16 16 16 8 8 8 8 8 8 8 8 24 24 24 24 24 24 24 24 25 25 25 25 25 25 25 25 16 16 16 16 19 19 19 19 19 19 19 19 19 19 19 19
8 8 8 8 0 0 8 8 0 0 0 0 8 8 8 0 2 2 2 2 2 2 2 2 0 0 0 0 0 0 0 0 1 1 2 2 0 0 0 0 0 0 0 0 2 2 2 2 0 0 0 0 15 15 1 1 1 1 2 2 0 0 0 0 8 8 8 8 0 0 8 8 0 0 0 0 8 8 8 8 16 16 5 5 8 8 8 8 16 16 2 2 16 16 16 16 2 2 16 16 8 8 8 8 16 16 2 2 16 16 5 5 16 16 8 8 16 16 16 16 2 2 16 16 2 2 2 2 16 16 25 25 16 16 16 16 2 2 0 0 2 2 2 2 0 0 25 25 0 0 0 0 3 3 3 3 1 1 1 1
16 16 19 8 7 7 7 16 19 19 19 8 19 29 1 0 0 0 1 28 28 21 12 47 13 13 7 25 7 7 2 5 2 2 24 24 24 34 16 2 16 16 16 16 5 5 5 5 17 17 17 17 5 5 5 5 16 16 2 2 16 16 1 1 16 16 19 19 19 19 2 2 16 16 16 16 5 5 5 5 17 17 17 17 5 5 5 5 16 16 2 2 16 16 1 1 16 16 19 19 19 19 19 19 8 8 8 8 16 16 16 16 2 2 2 2 16 16 19 19 8 8 8 8 16 16 16 16 2 2 2 2 16 16 19 19 0 0 25 25 0 0 25 25 0 0 0 0 2 2 2 2 0 0 25 25 0 0 25 25
0 0 0 0 0 0 0 2 0 0 0 0 0 0 0 0 0 0 0 0 0 0 0 2 0 0 0 0 16 16 16 16 2 2 2 34 2 34 2 34 2 2 2 2 16 16 16 16 8 8 8 8 0 0 0 0 0 0 0 2 0 0 0 0 0 0 0 0 16 16 16 16 16 16 16 2 16 16 16 16 16 16 16 16 18 18 18 18 2 2 16 16 2 2 16 16 2 2 16 16 2 2 16 16 8 16 8 16 8 16 8 16 8 8 8 8 8 8 8 8 8 8 8 8 8 8 8 8 2 2 2 2 2 2 2 2 0 0 2 15 48 48 3 3 2 2 0 26 0 0 2 2 0 0 2 15 48 48 3 3
0 0 0 0 0 0 0 0 0 0 0 0 0 0 0 0 0 27 27 12 1 28 15 3 0 16 1 8 0 1 8 8 0 27 27 12 1 28 15 3 0 16 1 8 0 5 8 2 0 16 1 2 0 5 8 2 0 19 45 28 15 3 0 8 0 0 0 0 0 0 0 26 3 3 26 26 3 44 5 0 6 6 0 0 6 46 6 3 3 3 3 3 3 44 5 0 6 46 6 3 26 45 26 25 26 26 26 26 26 26 26 26 26 26 26 26 26 26 26 26 8 8 8 8 8 8 8 8 8 8 8 8 8 8 8 8 0 0 0 0 0 0 0 0 0 0 0 8 8 8 8 8 8 8 8 8 8 8 8 8
16 16 2 2 16 16 5 5 16 16 2 2 16 36 16 8 16 16 2 2 16 16 5 5 0 0 1 13 8 8 2 2 0 0 2 2 0 0 2 2 0 6 3 3 0 2 0 0 0 6 3 3 0 1 0 2 0 0 2 2 0 0 2 2 0 16 16 16 2 2 16 16 5 5 16 16 2 2 16 36 16 8 16 16 2 2 16 16 5 5 0 0 1 13 8 8 2 2 0 0 2 2 0 0 2 2 0 6 3 3 0 2 0 0 0 6 3 3 0 1 0 2 0 0 2 2
16 16 19 8 7 7 7 16 19 19 19 8 19 29 1 0 0 0 1 28 28 21 12 47 13 13 7 25 7 7 2 5 2 2 24 24 24 34 16 2 16 16 16 16 5 5 5 5 17 17 17 17 5 5 5 5 16 16 2 2 16 16 1 1 16 16 19 19 19 19 2 2 16 16 16 16 5 5 5 5 17 17 17 17 5 5 5 5 16 16 2 2 16 16 1 1 16 16 19 19 19 19 19 19 8 8 8 8 16 16 16 16 2 2 2 2 16 16 19 19 8 8 8 8 16 16 16 16 2 2 2 2 16 16 19 19 0 0 25 25 0 0 25 25 0 0 0 0 2 2 2 2 0 0 25 25 0 0 25 25
16 16 16 20 20 20 2 2 2 0 0 0 0 0 0 33 33 33 2 2 2 16 16 16 0 0 0 1 1 1 2 2 2 0 0 0 16 16 16 24 24 24 24 24 24 8 8 8 16 16 16 34 34 13 2 2 2 24 24 24 16 16 35 34 34 13 2 2 2 16 16 16 16 16 16 16 16 16 16 16 16 16 16 2 2 2 2 2 2 2 2 2 2 0 0 2 2 2 2 2 2 2 2 2 2 16 16 0 0 0 0 0 0 0 0 0 0 30 30 7 7 7 7 7 7 7 7 7 7 7 7 2 16 16 16 16 16 16 17 23 23 23 43 43 32 5 5 49 13 13 13 13 13 13 13 13 2 2 2 2
0 0 0 6 6 6 3 3 3 3 3 3 26 26 26 2 2 2 0 0 0 0 0 0 2 2 2 0 0 0 0 0 0 6 6 6 3 3 3 3 3 3 26 26 26 2 2 2 0 0 0 0 0 0 2 2 2 0 0 0 0 0 0 0 1 6 3 3 3 3 3 6 3 3 13 8 8 2 0 0 0 0 0 2 0 0 0 0 1 0 3 3 3 3 3 0 26 26 13 8 8 2 0 0 0 0 0 0 26 26 13 8 8 2 0 0 0 26 26 26 0 0 0 2 2 2 0 0 0 26 26 26 0 0 0 2 2 2 0 0 0 26 26 26 0 0 0 2 2 2 0 0 0 26 26 26 0 0 0 2
16 16 19 8 7 7 7 16 19 19 19 8 19 29 1 0 0 0 1 28 28 21 12 47 13 13 7 25 7 7 2 5 2 2 24 24 24 34 16 2 16 16 16 16 5 5 5 5 17 17 17 17 5 5 5 5 16 16 2 2 16 16 1 1 16 16 19 19 19 19 2 2 16 16 16 16 5 5 5 5 17 17 17 17 5 5 5 5 16 16 2 2 16 16 1 1 16 16 19 19 19 19 19 19 8 8 8 8 16 16 16 16 2 2 2 2 16 16 19 19 8 8 8 8 16 16 16 16 2 2 2 2 16 16 19 19 0 0 25 25 0 0 25 25 0 0 0 0 2 2 2 2 0 0 25 25 0 0 25 25
16 16 2 2 16 16 5 5 16 16 2 2 16 36 16 8 16 16 2 2 16 16 5 5 0 0 1 13 8 8 2 2 0 0 2 2 0 0 2 2 0 6 3 3 0 2 0 0 0 6 3 3 0 1 0 2 0 0 2 2 0 0 2 2 0 16 16 16 2 2 16 16 5 5 16 16 2 2 16 36 16 8 16 16 2 2 16 16 5 5 0 0 1 13 8 8 2 2 0 0 2 2 0 0 2 2 0 6 3 3 0 2 0 0 0 6 3 3 0 1 0 2 0 0 2 2 0 0 2 2 0 0 0 0 2 2 0 0 1 2 0 0 25 25 0 0 3 8 0 0 25 25 0 0 3 8 0 0 25 2
0 0 0 0 1 1 1 1 2 2 2 2 2 2 2 2 0 0 0 0 2 2 0 0 2 2 0 0 2 2 0 2 0 2 0 2 0 0 0 0 0 0 0 0 0 0 0 0 2 2 0 0 2 2 0 0 2 2 0 0 0 2 0 0 0 0 2 2 2 2 0 0 0 0 2 2 15 15 1 1 2 2 0 6 3 2 0 6 3 2 0 0 0 0 0 0 0 0 2 2 2 2 16 16 16 16 7 7 7 7 7 7 2 2 16 16 16 16 7 7 7 2 0 0 0 0 7 7 7 2 0 0 0 0 28 28 54 54 21 21 2 2 17 17 9 9 34 34 7 7 7 7 7 7 7 7 7 7 7 7
0 0 0 0 0 0 0 0 0 0 0 0 0 0 0 0 0 27 27 12 1 28 15 3 0 16 1 8 0 1 8 8 0 27 27 12 1 28 15 3 0 16 1 8 0 5 8 2 0 16 1 2 0 5 8 2 0 19 45 28 15 3 0 8 0 0 0 0 0 0 0 26 3 3 26 26 3 44 5 0 6 6 0 0 6 46 6 3 3 3 3 3 3 44 5 0 6 46 6 3 26 45 26 25 26 26 26 26 26 26 26 26 26 26 26 26 26 26 26 26 8 8 8 8 8 8 8 8 8 8 8 8 8 8 8 8 0 0 0 0 0 0 0 0 0 0 0 8 8 8 8 8 8 8 8 8 8 8 8 8
8 8 8 8 0 0 8 8 0 0 0 0 8 8 8 0 2 2 2 2 2 2 2 2 0 0 0 0 0 0 0 0 1 1 2 2 0 0 0 0 0 0 0 0 2 2 2 2 0 0 0 0 15 15 1 1 1 1 2 2 0 0 0 0 8 8 8 8 0 0 8 8 0 0 0 0 8 8 8 8 16 16 5 5 8 8 8 8 16 16 2 2 16 16 16 16 2 2 16 16 8 8 8 8 16 16 2 2 16 16 5 5 16 16 8 8 16 16 16 16 2 2 16 16 2 2 2 2 16 16 25 25 16 16 16 16 2 2 0 0 2 2 2 2 0 0 25 25 0 0 0 0 3 3 3 3 1 1 1 1
0 0 0 0 1 1 1 1 2 2 2 2 2 2 2 2 0 0 0 0 2 2 0 0 2 2 0 0 2 2 0 2 0 2 0 2 0 0 0 0 0 0 0 0 0 0 0 0 2 2 0 0 2 2 0 0 2 2 0 0 0 2 0 0 0 0 2 2 2 2 0 0 0 0 2 2 15 15 1 1 2 2 0 6 3 2 0 6 3 2 0 0 0 0 0 0 0 0 2 2 2 2 16 16 16 16 7 7 7 7 7 7 2 2 16 16 16 16 7 7 7 2 0 0 0 0 7 7 7 2 0 0 0 0 28 28 54 54 21 21 2 2 17 17 9 9 34 34 7 7 7 7 7 7 7 7 7 7 7 7
16 16 16 16 55 55 55 55 24 24 23 23 2 2 2 2 16 16 16 16 2 2 2 2 16 16 1 1 0 0 2 2 0 0 0 0 16 16 16 16 52 52 52 52 24 16 7 2 16 16 34 34 16 16 8 8 16 16 35 35 23 23 23 23 35 35 35 35 23 23 23 23 35 35 7 7 2 2 16 16 23 23 19 19 16 16 8 8 16 16 16 16 2 2 2 2 16 16 7 5 2 2 2 2 16 16 36 19 2 2 2 2 2 2 2 2 16 16 16 16 16 16 16 16 2 2 2 2 16 16 16 16 19 19 19 19 7 7 7 7 7 7 7 7 7 7 7 7 2 2 2 2 2 2 2 2 2 2 24 24
0 0 0 0 1 1 1 1 2 2 2 2 2 2 2 2 0 0 0 0 2 2 0 0 2 2 0 0 2 2 0 2 0 2 0 2 0 0 0 0 0 0 0 0 0 0 0 0 2 2 0 0 2 2 0 0 2 2 0 0 0 2 0 0 0 0 2 2 2 2 0 0 0 0 2 2 15 15 1 1 2 2 0 6 3 2 0 6 3 2 0 0 0 0 0 0 0 0 2 2 2 2 16 16 16 16 7 7 7 7 7 7 2 2 16 16 16 16 7 7 7 2 0 0 0 0 7 7 7 2 0 0 0 0 28 28 54 54 21 21 2 2 17 17 9 9 34 34 7 7 7 7 7 7 7 7 7 7 7 7
0 0 0 0 0 0 0 2 0 0 0 0 0 0 0 0 0 0 0 0 0 0 0 2 0 0 0 0 16 16 16 16 2 2 2 34 2 34 2 34 2 2 2 2 16 16 16 16 8 8 8 8 0 0 0 0 0 0 0 2 0 0 0 0 0 0 0 0 16 16 16 16 16 16 16 2 16 16 16 16 16 16 16 16 18 18 18 18 2 2 16 16 2 2 16 16 2 2 16 16 2 2 16 16 8 16 8 16 8 16 8 16 8 8 8 8 8 8 8 8 8 8 8 8 8 8 8 8 2 2 2 2 2 2 2 2 0 0 2 15 48 48 3 3 2 2 0 26 0 0 2 2 0 0 2 15 48 48 3 3
16 16 16 20 20 20 2 2 2 0 0 0 0 0 0 33 33 33 2 2 2 16 16 16 0 0 0 1 1 1 2 2 2 0 0 0 16 16 16 24 24 24 24 24 24 8 8 8 16 16 16 34 34 13 2 2 2 24 24 24 16 16 35 34 34 13 2 2 2 16 16 16 16 16 16 16 16 16 16 16 16 16 16 2 2 2 2 2 2 2 2 2 2 0 0 2 2 2 2 2 2 2 2 2 2 16 16 0 0 0 0 0 0 0 0 0 0 30 30 7 7 7 7 7 7 7 7 7 7 7 7 2 16 16 16 16 16 16 17 23 23 23 43 43 32 5 5 49 13 13 13 13 13 13 13 13 2 2 2 2
8 8 8 8 0 0 8 8 0 0 0 0 8 8 8 0 2 2 2 2 2 2 2 2 0 0 0 0 0 0 0 0 1 1 2 2 0 0 0 0 0 0 0 0 2 2 2 2 0 0 0 0 15 15 1 1 1 1 2 2 0 0 0 0 8 8 8 8 0 0 8 8 0 0 0 0 8 8 8 8 16 16 5 5 8 8 8 8 16 16 2 2 16 16 16 16 2 2 16 16 8 8 8 8 16 16 2 2 16 16 5 5 16 16 8 8 16 16 16 16 2 2 16 16 2 2 2 2 16 16 25 25 16 16 16 16 2 2 0 0 2 2 2 2 0 0 25 25 0 0 0 0 3 3 3 3 1 1 1 1
0 0 0 0 2 2 2 2 0 2 0 2 0 6 3 3 3 2 0 1 0 2 0 0 0 0 0 39 39 39 39 39 8 8 8 8 0 0 0 0 0 0 2 2 2 2 2 2 2 2 0 0 0 0 1 1 2 2 0 2 0 2 0 2 0 2 0 2 0 2 0 0 0 0 2 0 2 0 1 8 0 0 36 8 36 8 36 2 24 24 19 19 2 0 2 0 2 0 2 0 1 1 1 1 1 1 2 2 0 0 0 0 3 13 0 8 0 0 0 0 3 13 0 8 0 19 8 8 0 0 0 0 0 0 0 0 2 2 2 2 0 2 0 2 0 6 3 3 3 2 0 1 0 2 0 0 0 0 0 39
26 26 26 26 26 26 26 26 26 19 19 19 19 19 19 0 0 0 2 2 2 0 0 0 0 0 0 26 26 26 26 26 26 26 26 26 19 19 19 19 19 19 0 0 0 2 2 2 0 0 0 3 3 3 50 50 50 26 26 7 0 0 0 3 3 3 50 50 50 26 26 7 0 0 0 2 2 2 0 0 0 2 2 2 31 31 31 4 4 4 8 8 8 8 8 8 34 34 34 34 34 34 34 34 24 34 34 7 34 34 24 34 34 7 34 34 24 34 34 7 34 34 24 34 34 7 39 39 39 8 8 8 8 8 8 0 0 0 0 0 0 3 3 3 1 1 13 2 2 2 2 2 28 15 1 2 0 0 0 0
0 0 0 0 8 8 8 8 2 2 2 2 0 0 0 0 0 0 2 2 0 0 2 2 0 0 26 26 8 8 0 0 0 0 2 2 0 0 2 2 0 0 27 27 0 0 2 2 0 0 0 0 0 0 0 0 0 0 0 0 3 3 2 2 0 0 0 0 0 0 0 0 15 15 9 9 1 1 1 13 2 2 2 2 0 0 2 0 2 2 2 2 0 0 2 0 8 8 8 8 8 8 8 8 16 16 16 16
19 19 19 19 8 16 8 8 19 19 19 19 7 16 8 8 19 16 16 16 42 2 2 0 19 16 16 39 28 0 0 19 19 0 0 0 19 16 5 5 2 2 2 16 19 2 16 19 2 2 2 16 19 2 16 19 8 8 8 8 8 8 8 8 8 8 8 8 8 8 8 8 16 16 16 16 16 16 8 8 16 16 8 8 8 8 16 16 8 8 16 16 8 8 16 16 36 36 43 43 5 5 8 16 7 7 2 2 2 2 2 2 16 16 2 2 2 2 2 16 2 2 2 16 2 2 16 16 16 16 5 5 5 19 19 19 16 2 16 16 2 2 2 2 16 16 5 5 31 31 2 2 0 0 2 2 16 16 36 2
0 0 0 0 2 2 2 2 0 0 0 0 2 2 0 0 0 0 0 0 2 2 2 2 0 0 0 0 2 2 0 0 2 2 2 2 2 2 2 2 2 2 2 15 37 2 0 0 2 2 2 2 2 2 2 2 2 2 2 15 37 2 0 0 0 0 0 0 0 0 0 0 2 2 2 2 2 2 0 0 0 0 0 0 0 0 0 0 2 2 2 2 2 2 0 0 8 8 8 8 30 16 16 16 16 16 2 2 0 2 0 0 8 8 8 8 30 16 16 16 16 16 2 2 0 2 0 0 0 0 0 0 2 2 2 2 0 0 0 0 2 2 0 0 0 0 0 0 2 2 2 2 0 0 0 0 2 2 0 0
0 0 0 0 8 8 8 8 2 2 2 2 0 0 0 0 0 0 2 2 0 0 2 2 0 0 26 26 8 8 0 0 0 0 2 2 0 0 2 2 0 0 27 27 0 0 2 2 0 0 0 0 0 0 0 0 0 0 0 0 3 3 2 2 0 0 0 0 0 0 0 0 15 15 9 9 1 1 1 13 2 2 2 2 0 0 2 0 2 2 2 2 0 0 2 0 8 8 8 8 8 8 8 8 16 16 16 16 13 13 13 13 2 2 2 2 17 17 17 17 5 5 16 16 2 2 2 2 16 16 16 16 13 13 13 13 2 2 2 2 17 17 17 17 5 5 16 16 2 2 2 2 16 16 16 2 16 16 2 2
8 8 8 8 0 0 8 8 0 0 0 0 8 8 8 0 2 2 2 2 2 2 2 2 0 0 0 0 0 0 0 0 1 1 2 2 0 0 0 0 0 0 0 0 2 2 2 2 0 0 0 0 15 15 1 1 1 1 2 2 0 0 0 0 8 8 8 8 0 0 8 8 0 0 0 0 8 8 8 8 16 16 5 5 8 8 8 8 16 16 2 2 16 16 16 16 2 2 16 16 8 8 8 8 16 16 2 2 16 16 5 5 16 16 8 8 16 16 16 16 2 2 16 16 2 2 2 2 16 16 25 25 16 16 16 16 2 2 0 0 2 2 2 2 0 0 25 25 0 0 0 0 3 3 3 3 1 1 1 1
0 0 0 0 0 0 0 0 0 0 0 0 0 0 0 0 3 3 2 2 0 0 6 6 3 3 2 2 0 0 2 2 0 0 2 2 0 0 0 0 8 8 8 8 0 0 0 0 36 36 36 36 2 2 24 8 16 8 0 2 0 0 6 6 3 3 2 2 0 0 6 6 3 3 2 2 0 2 0 2 0 0 0 0 0 0 0 0 0 0 0 0 0 0 0 0 0 0 0 6 9 9 9 9 9 9 9 9 9 9 45 7 0 0 1 2 0 0 0 0 3 3 1 1 8 8 0 0 15 15 3 3 25 25 25 25 25 25 8 3 48 48 3 13 0 0 8 8 0 0 0 0 3 3 1 1 8 8 0 0
0 0 0 0 0 0 0 0 0 0 0 0 0 0 0 0 0 27 27 12 1 28 15 3 0 16 1 8 0 1 8 8 0 27 27 12 1 28 15 3 0 16 1 8 0 5 8 2 0 16 1 2 0 5 8 2 0 19 45 28 15 3 0 8 0 0 0 0 0 0 0 26 3 3 26 26 3 44 5 0 6 6 0 0 6 46 6 3 3 3 3 3 3 44 5 0 6 46 6 3 26 45 26 25 26 26 26 26 26 26 26 26 26 26 26 26 26 26 26 26 8 8 8 8 8 8 8 8 8 8 8 8 8 8 8 8 0 0 0 0 0 0 0 0 0 0 0 8 8 8 8 8 8 8 8 8 8 8 8 8
8 2 2 0 8 8 3 0 0 0 0 8 8 2 2 0 28 28 1 0 0 0 0 0 48 3 3 13 2 2 3 31 31 2 2 2 2 2 2 26 8 8 2 2 2 15 15 15 27 2 2 12 1 1 0 0 0 0 0 0 0 0 0 0 0 0 0 0 0 0 0 0 0 0 0 0 2 2 0 0 0 0 2 2 0 2 0 0 2 0 0 2 0 0 2 0 0 0 0 0 0 0 0 0 0 0 0 38 38 38 38 2 2 2 2 2 2 2 2 2 16 16 16 16 16 16 16 16 16 2 2 2 2 2 2 0 0 0 8 8 8 16 8 8 5 2 2 2 2 2 16 16 16 2 2 2 16 3 3 33
19 19 19 19 8 16 8 8 19 19 19 19 7 16 8 8 19 16 16 16 42 2 2 0 19 16 16 39 28 0 0 19 19 0 0 0 19 16 5 5 2 2 2 16 19 2 16 19 2 2 2 16 19 2 16 19 8 8 8 8 8 8 8 8 8 8 8 8 8 8 8 8 16 16 16 16 16 16 8 8 16 16 8 8 8 8 16 16 8 8 16 16 8 8 16 16 36 36 43 43 5 5 8 16 7 7 2 2 2 2 2 2 16 16 2 2 2 2 2 16 2 2 2 16 2 2 16 16 16 16 5 5 5 19 19 19 16 2 16 16 2 2 2 2 16 16 5 5 31 31 2 2 0 0 2 2 16 16 36 2
0 0 0 0 0 0 0 0 0 0 0 0 0 26 26 0 0 0 2 38 38 2 2 2 0 26 26 0 6 6 3 3 3 0 2 2 0 0 0 0 3 3 0 0 0 2 2 2 0 0 0 0 0 0 2 2 2 2 2 2 0 0 0 0 0 0 2 2 2 2 2 2 6 6 6 6 6 6 3 3 3 3 3 3 7 7 7 7 7 7 16 16 16 16 16 16 39 39 39 39 39 39 2 2 2 16 16 16 2 2 2 16 16 16 8 8 8 8 8 8 2 2 2 2 0 0 2 2 2 2 0 0 40 15 15 41 3 3 10 1 1 0 2 2 0 0 0 0 0 0 2 2 2 2 0 0 2 2 2 2
0 0 0 0 0 0 0 0 0 3 3 3 1 1 1 2 2 2 2 2 2 0 0 0 8 8 8 0 0 0 3 3 13 8 8 8 8 8 8 8 8 8 8 8 8 14 14 14 14 14 14 14 14 14 14 14 14 2 2 2 2 2 2 2 2 2 2 2 2 0 0 0 2 2 2 2 2 2 0 0 0 0 0 0 2 2 2 2 2 2 0 0 0 8 8 8 15 15 15 13 13 13 2 2 2 2 2 2 7 7 7 2 2 2 0 0 0 2 2 2 7 7 7 2 2 2 0 0 0 3 3 1 0 0 2 0 0 0 2 2 2 0 0 0 2 2 2 0 0 0 0 0 0 0 0 0 3 3 3 1
0 0 0 0 0 0 0 0 0 0 0 0 0 26 26 0 0 0 2 38 38 2 2 2 0 26 26 0 6 6 3 3 3 0 2 2 0 0 0 0 3 3 0 0 0 2 2 2 0 0 0 0 0 0 2 2 2 2 2 2 0 0 0 0 0 0 2 2 2 2 2 2 6 6 6 6 6 6 3 3 3 3 3 3 7 7 7 7 7 7 16 16 16 16 16 16 39 39 39 39 39 39 2 2 2 16 16 16 2 2 2 16 16 16 8 8 8 8 8 8 2 2 2 2 0 0 2 2 2 2 0 0 40 15 15 41 3 3 10 1 1 0 2 2 0 0 0 0 0 0 2 2 2 2 0 0 2 2 2 2
0 0 0 0 0 0 0 0 0 0 0 0 0 26 26 0 0 0 2 38 38 2 2 2 0 26 26 0 6 6 3 3 3 0 2 2 0 0 0 0 3 3 0 0 0 2 2 2 0 0 0 0 0 0 2 2 2 2 2 2 0 0 0 0 0 0 2 2 2 2 2 2 6 6 6 6 6 6 3 3 3 3 3 3 7 7 7 7 7 7 16 16 16 16 16 16 39 39 39 39 39 39 2 2 2 16 16 16 2 2 2 16 16 16 8 8 8 8 8 8 2 2 2 2 0 0 2 2 2 2 0 0 40 15 15 41 3 3 10 1 1 0 2 2 0 0 0 0 0 0 2 2 2 2 0 0 2 2 2 2
8 15 14 3 0 2 0 0 8 2 0 0 3 3 0 8 7 7 16 16 16 0 0 0 12 12 12 12 29 29 29 0 0 0 2 0 0 0 0 0 8 16 8 7 16 2 16 2 16 5 8 8 16 2 16 7 19 19 8 8 16 8 16 8 16 8 0 8 0 8 16 8 16 4 8 0 38 8 0 4 8 0 38 8 0 8 2 0 2 0 7 19 8 10 2 8 8 10 2 8 8 10 2 38 8 0 8 15 14 3 0 2 0 0 8 13 8 3 0 2 0 3 0 8 7 7 16 16 16 0 0 0 32 2 2 2 0 0 0 0 0 0 0 0 0 0 0 0 0 3 0 2 0 3 0 2 0 8 0 2
0 0 0 0 0 0 0 0 0 0 0 0 0 0 0 1 0 0 0 2 0 0 0 0 0 0 0 0 0 0 0 0 0 0 0 0 0 1 0 0 0 2 0 0 0 1 0 0 0 8 0 0 0 8 0 0 0 8 0 0 2 2 0 0 2 2 0 0 2 2 0 0 8 8 0 0 8 8 8 8 8 8 8 8 8 8 8 8 8 8 0 0 0 0 0 0 0 0 0 0 0 0 0 0 0 5 8 8 5 18 8 8 5 5 8 8 5 18 8 8 5 18 8 8 5 18 8 8 8 8 0 0 0 0 2 2 2 2 0 0 0 0 2 2 16 16 16 16 16 16 2 2 2 2 16 44 2 2 0 19
0 0 0 0 0 0 0 0 0 0 0 0 0 0 0 0 3 3 2 2 0 0 6 6 3 3 2 2 0 0 2 2 0 0 2 2 0 0 0 0 8 8 8 8 0 0 0 0 36 36 36 36 2 2 24 8 16 8 0 2 0 0 6 6 3 3 2 2 0 0 6 6 3 3 2 2 0 2 0 2 0 0 0 0 0 0 0 0 0 0 0 0 0 0 0 0 0 0 0 6 9 9 9 9 9 9 9 9 9 9 45 7 0 0 1 2 0 0 0 0 3 3 1 1 8 8 0 0 15 15 3 3 25 25 25 25 25 25 8 3 48 48 3 13 0 0 8 8 0 0 0 0 3 3 1 1 8 8 0 0
0 8 15 15 12 51 16 8 16 8 2 8 12 2 24 24 52 24 19 8 7 16 2 2 8 8 8 5 5 3 3 3 3 3 3 48 41 4 1 0 2 2 2 0 8 38 2 2 0 0 0 0 2 2 2 2 0 0 0 0 2 2 8 8 0 0 0 0 2 2 2 2 0 0 0 0 26 26 13 13 2 2 2 2 0 0 0 0 2 2 2 2 2 2 2 2 48 48 15 15 13 13 8 8 34 34 34 34 34 34 34 34 34 34 34 34 13 13 13 13 34 34 34 34 53 53 53 53 2 2 0 0 8 8 0 0 34 34 34 34 53 53 53 53 2 2 0 0 2 2 2 2 2 2 2 2 2 2 2 2
8 8 8 8 0 0 8 8 0 0 0 0 8 8 8 0 2 2 2 2 2 2 2 2 0 0 0 0 0 0 0 0 1 1 2 2 0 0 0 0 0 0 0 0 2 2 2 2 0 0 0 0 15 15 1 1 1 1 2 2 0 0 0 0 8 8 8 8 0 0 8 8 0 0 0 0 8 8 8 8 16 16 5 5 8 8 8 8 16 16 2 2 16 16 16 16 2 2 16 16 8 8 8 8 16 16 2 2 16 16 5 5 16 16 8 8 16 16 16 16 2 2 16 16 2 2 2 2 16 16 25 25 16 16 16 16 2 2 0 0 2 2 2 2 0 0 25 25 0 0 0 0 3 3 3 3 1 1 1 1
0 0 0 6 6 6 3 3 3 3 3 3 26 26 26 2 2 2 0 0 0 0 0 0 2 2 2 0 0 0 0 0 0 6 6 6 3 3 3 3 3 3 26 26 26 2 2 2 0 0 0 0 0 0 2 2 2 0 0 0 0 0 0 0 1 6 3 3 3 3 3 6 3 3 13 8 8 2 0 0 0 0 0 2 0 0 0 0 1 0 3 3 3 3 3 0 26 26 13 8 8 2 0 0 0 0 0 0 26 26 13 8 8 2 0 0 0 26 26 26 0 0 0 2 2 2 0 0 0 26 26 26 0 0 0 2 2 2 0 0 0 26 26 26 0 0 0 2 2 2 0 0 0 26 26 26 0 0 0 2
0 0 0 0 0 0 8 0 8 8 0 6 38 2 0 0 0 0 0 0 0 0 8 0 8 8 0 6 38 2 0 0 1 1 1 1 0 0 0 0 3 3 8 8 0 0 0 0 1 1 1 1 13 13 13 13 2 2 2 2 0 0 0 0 2 2 2 2 0 0 0 0 8 0 8 0 8 8 8 8 0 2 0 8 0 8 8 8 2 0 8 0 2 0 0 0 1 1 0 0 1 1 0 0 1 1 13 13 8 8 8 8 0 2 0 8 0 8 8 8 2 0 8 0 2 0 0 0 1 1 0 0 1 1 0 0 1 1 8 8 0 0 0 0 2 2 2 2 0 0 0 0 2 2 2 2 0 0 0 0
16 16 16 16 16 16 16 16 2 2 2 2 2 2 2 2 16 16 16 16 2 2 2 2 16 16 36 36 8 8 8 14 14 14 14 14 14 14 14 14 37 37 37 37 26 26 26 26 2 2 2 2 0 0 0 0 1 1 13 13 8 8 8 8 1 1 13 13 8 8 8 8 1 1 13 13 8 8 8 2 2 2 2 2 2 2 0 2 2 2 2 2 2 2 0 2 2 2 2 2 0 0 8 8 0 0 30 30 8 8 30 30 8 8 7 7 0 0 7 7 0 0 8 8 0 0 2 2 0 0 0 0 1 1 1 1 0 0 0 0 2 2 2 2 0 0 0 0 1 1 1 1 0 0 0 0 2 2
0 0 25 0 3 8 0 0 0 0 0 0 2 2 2 2 0 3 0 15 8 0 0 0 2 2 2 2 0 0 0 0 2 2 2 2 0 8 0 0 0 0 1 1 8 0 2 2 2 2 2 2 0 0 0 0 25 25 25 25 2 2 2 2 16 25 16 16 19 49 19 49 19 49 49 16 19 49 19 49 19 49 49 16 2 0 0 0 19 19 19 19 39 39 39 39 2 2 2 2 0 0 0 3 0 0 0 2 0 0 0 3 0 0 9 1 2 2 2 2 0 0 9 1 2 2 2 2 0 0 2 2 0 0 0 2 0 2 0 2 0 2 2 2 0 0 0 0 2 2 2 2 0 3 0 15 8 0 0 0
16 16 16 16 16 16 16 16 16 16 16 2 7 7 7 7 7 7 7 7 7 7 7 16 16 16 16 7 7 16 16 16 16 7 7 16 16 16 16 7 7 16 25 25 24 8 8 8 7 7 7 16 16 16 36 36 36 16 16 16 2 2 2 16 16 16 16 16 16 8 8 8 8 8 8 16 16 16 16 16 16 36 36 36 8 8 8 16 16 16 16 16 16 0 0 0 2 2 2 0 0 0 31 31 31 0 0 0 2 2 2 16 16 16 7 7 7 16 16 16 2 2 2 0 0 0 31 31 31 0 0 0 39 39 39 8 8 8 19 19 19 8 8 8 2 2 2 0 0 0 2 2 2 0 0 0 1 1 1 0
16 16 16 20 20 20 2 2 2 0 0 0 0 0 0 33 33 33 2 2 2 16 16 16 0 0 0 1 1 1 2 2 2 0 0 0 16 16 16 24 24 24 24 24 24 8 8 8 16 16 16 34 34 13 2 2 2 24 24 24 16 16 35 34 34 13 2 2 2 16 16 16 16 16 16 16 16 16 16 16 16 16 16 2 2 2 2 2 2 2 2 2 2 0
0 0 0 0 0 0 0 2 0 0 0 0 0 0 0 0 0 0 0 0 0 0 0 2 0 0 0 0 16 16 16 16 2 2 2 34 2 34 2 34 2 2 2 2 16 16 16 16 8 8 8 8 0 0 0 0 0 0 0 2 0 0 0 0 0 0 0 0 16 16 16 16 16 16 16 2 16 16 16 16 16 16 16 16 18 18 18 18 2 2 16 16 2 2 16 16 2 2 16 16 2 2 16 16 8 16 8 16 8 16 8 16 8 8 8 8 8 8 8 8 8 8 8 8 8 8 8 8 2 2 2 2 2 2 2 2 0 0 2 15 48 48 3 3 2 2 0 26 0 0 2 2 0 0 2 15 48 48 3 3
0 0 25 0 3 8 0 0 0 0 0 0 2 2 2 2 0 3 0 15 8 0 0 0 2 2 2 2 0 0 0 0 2 2 2 2 0 8 0 0 0 0 1 1 8 0 2 2 2 2 2 2 0 0 0 0 25 25 25 25 2 2 2 2 16 25 16 16 19 49 19 49 19 49 49 16 19 49 19 49 19 49 49 16 2 0 0 0 19 19 19 19 39 39 39 39 2 2 2 2 0 0 0 3 0 0 0 2 0 0 0 3 0 0 9 1 2 2 2 2 0 0 9 1 2 2 2 2 0 0 2 2 0 0 0 2 0 2 0 2 0 2 2 2 0 0 0 0 2 2 2 2 0 3 0 15 8 0 0 0
0 0 0 0 2 2 2 2 0 2 0 2 0 6 3 3 3 2 0 1 0 2 0 0 0 0 0 39 39 39 39 39 8 8 8 8 0 0 0 0 0 0 2 2 2 2 2 2 2 2 0 0 0 0 1 1 2 2 0 2 0 2 0 2 0 2 0 2 0 2 0 0 0 0 2 0 2 0 1 8 0 0 36 8 36 8 36 2 24 24 19 19 2 0 2 0 2 0 2 0 1 1 1 1 1 1 2 2 0 0 0 0 3 13 0 8 0 0 0 0 3 13 0 8 0 19 8 8 0 0 0 0 0 0 0 0 2 2 2 2 0 2 0 2 0 6 3 3 3 2 0 1 0 2 0 0 0 0 0 39
16 16 19 8 7 7 7 16 19 19 19 8 19 29 1 0 0 0 1 28 28 21 12 47 13 13 7 25 7 7 2 5 2 2 24 24 24 34 16 2 16 16 16 16 5 5 5 5 17 17 17 17 5 5 5 5 16 16 2 2 16 16 1 1 16 16 19 19 19 19 2 2 16 16 16 16 5 5 5 5 17 17 17 17 5 5 5 5 16 16 2 2 16 16 1 1 16 16 19 19 19 19 19 19 8 8 8 8 16 16 16 16 2 2 2 2 16 16 19 19 8 8 8 8 16 16 16 16 2 2 2 2 16 16 19 19 0 0 25 25 0 0 25 25 0 0 0 0 2 2 2 2 0 0 25 25 0 0 25 25
0 0 0 0 0 0 8 0 8 8 0 6 38 2 0 0 0 0 0 0 0 0 8 0 8 8 0 6 38 2 0 0 1 1 1 1 0 0 0 0 3 3 8 8 0 0 0 0 1 1 1 1 13 13 13 13 2 2 2 2 0 0 0 0 2 2 2 2 0 0 0 0 8 0 8 0 8 8 8 8 0 2 0 8 0 8 8 8 2 0 8 0 2 0 0 0 1 1 0 0 1 1 0 0 1 1 13 13 8 8 8 8 0 2 0 8 0 8 8 8 2 0 8 0 2 0 0 0 1 1 0 0 1 1 0 0 1 1 8 8 0 0 0 0 2 2 2 2 0 0 0 0 2 2 2 2 0 0 0 0
0 0 0 0 0 0 0 0 0 0 0 0 0 0 0 0 0 27 27 12 1 28 15 3 0 16 1 8 0 1 8 8 0 27 27 12 1 28 15 3 0 16 1 8 0 5 8 2 0 16 1 2 0 5 8 2 0 19 45 28 15 3 0 8 0 0 0 0 0 0 0 26 3 3 26 26 3 44 5 0 6 6 0 0 6 46 6 3 3 3 3 3 3 44 5 0 6 46 6 3 26 45 26 25 26 26 26 26 26 26 26 26 26 26 26 26 26 26 26 26 8 8 8 8 8 8 8 8 8 8 8 8 8 8 8 8 0 0 0 0 0 0 0 0 0 0 0 8 8 8 8 8 8 8 8 8 8 8 8 8
0 0 0 0 26 26 26 26 8 2 0 26 0 2 0 0 0 0 2 2 2 2 0 0 0 0 1 2 0 15 31 31 14 0 1 2 0 2 0 2 0 2 0 2 0 2 0 0 0 0 0 0 0 0 0 0 2 2 2 2 2 2 2 2 0 2 0 2 0 13 2 2 0 2 0 2 0 0 6 6 3 3 19 19 0 0 0 2 0 0 0 2 0 0 0 0 0 0 2 2 2 2 0 15 26 2 0 15 26 2 0 15 1 2 0 0 0 0 0 0 0 0 2 2 0 0 0 0 0 0 26 26 26 26 8 2 0 26 0 2 0 0 0 0 2 2 2 2 0 0 0 0 1 2 0 15 31 31 14 0
0 0 0 0 1 1 1 1 2 2 2 2 2 2 2 2 0 0 0 0 2 2 0 0 2 2 0 0 2 2 0 2 0 2 0 2 0 0 0 0 0 0 0 0 0 0 0 0 2 2 0 0 2 2 0 0 2 2 0 0 0 2 0 0 0 0 2 2 2 2 0 0 0 0 2 2 15 15 1 1 2 2 0 6 3 2 0 6 3 2 0 0 0 0 0 0 0 0 2 2 2 2 16 16 16 16 7 7 7 7 7 7 2 2 16 16 16 16 7 7 7 2 0 0 0 0 7 7 7 2 0 0 0 0 28 28 54 54 21 21 2 2 17 17 9 9 34 34 7 7 7 7 7 7 7 7 7 7 7 7
19 19 19 19 8 16 8 8 19 19 19 19 7 16 8 8 19 16 16 16 42 2 2 0 19 16 16 39 28 0 0 19 19 0 0 0 19 16 5 5 2 2 2 16 19 2 16 19 2 2 2 16 19 2 16 19 8 8 8 8 8 8 8 8 8 8 8 8 8 8 8 8 16 16 16 16 16 16 8 8 16 16 8 8 8 8 16 16 8 8 16 16 8 8 16 16 36 36 43 43 5 5 8 16 7 7 2 2 2 2 2 2 16 16 2 2 2 2 2 16 2 2 2 16 2 2 16 16 16 16 5 5 5 19 19 19 16 2 16 16 2 2 2 2 16 16 5 5 31 31 2 2 0 0 2 2 16 16 36
0 0 0 0 8 8 8 8 2 2 2 2 0 0 0 0 0 0 2 2 0 0 2 2 0 0 26 26 8 8 0 0 0 0 2 2 0 0 2 2 0 0 27 27 0 0 2 2 0 0 0 0 0 0 0 0 0 0 0 0 3 3 2 2 0 0 0 0 0 0 0 0 15 15 9 9 1 1 1 13 2 2 2 2 0 0 2 0 2 2 2 2 0 0 2 0 8 8 8 8 8 8 8 8 16 16 16 16 13 13 13 13 2 2 2 2 17 17 17 17 5 5 16 16 2 2 2 2 16 16 16 16 13 13 13 13 2 2 2 2 17 17 17 17 5 5 16 16 2 2 2 2 16 16 16 2 16 16 2 2
0 0 0 0 8 8 8 8 2 2 2 2 0 0 0 0 0 0 2 2 0 0 2 2 0 0 26 26 8 8 0 0 0 0 2 2 0 0 2 2 0 0 27 27 0 0 2 2 0 0 0 0 0 0 0 0 0 0 0 0 3 3 2 2 0 0 0 0 0 0 0 0 15 15 9 9 1 1 1 13 2 2 2 2 0 0 2 0 2 2 2 2 0 0 2 0 8 8 8 8 8 8 8 8 16 16 16 16 13 13 13 13 2 2 2 2 17 17 17 17 5 5 16 16 2 2 2 2 16 16 16 16 13 13 13 13 2 2 2 2 17 17 17 17 5 5 16 16 2 2 2 2 16 16 16 2 16 16 2 2
0 0 0 0 0 0 0 2 0 0 0 0 0 0 0 0 0 0 0 0 0 0 0 2 0 0 0 0 16 16 16 16 2 2 2 34 2 34 2 34 2 2 2 2 16 16 16 16 8 8 8 8 0 0 0 0 0 0 0 2 0 0 0 0 0 0 0 0 16 16 16 16 16 16 16 2 16 16 16 16 16 16 16 16 18 18 18 18 2 2 16 16 2 2 16 16 2 2 16 16 2 2 16 16 8 16 8 16 8 16 8 16 8 8 8 8 8 8 8 8 8 8 8 8 8 8 8 8 2 2 2 2 2 2 2 2 0 0 2 15 48 48 3 3 2 2 0 26 0 0 2 2 0 0 2 15 48 48 3 3
16 16 16 16 16 16 16 16 16 16 16 16 8 8 8 19 19 19 8 8 8 8 0 0 0 0 0 0 0 0 0 0 0 0 0 0 8 8 8 19 19 19 8 8 8 8 8 8 8 8 8 19 19 19 8 8 8 8 8 8 7 7 7 42 42 42 7 7 7 7 7 7 7 7 7 7 7 7 7 7 7 7 7 7 7 7 7 7 24 24 8 8 8 8 16 16 16 16 16 16 16 16 16 16 16 16 16 16 16 16 16 16 16 16 8 8 8 8 8 8 8 8 8 19 19 19 8 8 8 8 8 8 8
0 0 0 0 1 1 1 1 2 2 2 2 2 2 2 2 0 0 0 0 2 2 0 0 2 2 0 0 2 2 0 2 0 2 0 2 0 0 0 0 0 0 0 0 0 0 0 0 2 2 0 0 2 2 0 0 2 2 0 0 0 2 0 0 0 0 2 2 2 2 0 0 0 0 2 2 15 15 1 1 2 2 0 6 3 2 0 6 3 2 0 0 0 0 0 0 0 0 2 2 2 2 16 16 16 16 7 7 7 7 7 7 2 2 16 16 16 16 7 7 7 2 0 0 0 0 7 7 7 2 0 0 0 0 28 28 54 54 21 21 2 2 17 17 9 9 34 34 7 7 7 7 7 7 7 7 7 7 7 7
0 0 0 0 8 8 8 8 2 2 2 2 0 0 0 0 0 0 2 2 0 0 2 2 0 0 26 26 8 8 0 0 0 0 2 2 0 0 2 2 0 0 27 27 0 0 2 2 0 0 0 0 0 0 0 0 0 0 0 0 3 3 2 2 0 0 0 0 0 0 0 0 15 15 9 9 1 1 1 13 2 2 2 2 0 0 2 0 2 2 2 2 0 0 2 0 8 8 8 8 8 8 8 8 16 16 16 16 13 13 13 13 2 2 2 2 17 17 17 17 5 5 16 16 2 2 2 2 16 16 16 16 13 13 13 13 2 2 2 2 17 17 17 17 5 5 16 16 2 2 2 2 16 16 16 2 16 16 2 2
0 0 0 0 0 0 0 2 0 0 0 0 0 0 0 0 0 0 0 0 0 0 0 2 0 0 0 0 16 16 16 16 2 2 2 34 2 34 2 34 2 2 2 2 16 16 16 16 8 8 8 8 0 0 0 0 0 0 0 2 0 0 0 0 0 0 0 0 16 16 16 16 16 16 16 2 16 16 16 16 16 16 16 16 18 18 18 18 2 2 16 16 2 2 16 16 2 2 16 16 2 2 16 16 8 16 8 16 8 16 8 16 8 8 8 8 8 8 8 8 8 8 8 8 8 8 8 8 2 2 2 2 2 2 2 2 0 0 2 15 48 48 3 3 2 2 0 26 0 0 2 2 0 0 2 15 48 48 3 3
16 16 19 8 7 7 7 16 19 19 19 8 19 29 1 0 0 0 1 28 28 21 12 47 13 13 7 25 7 7 2 5 2 2 24 24 24 34 16 2 16 16 16 16 5 5 5 5 17 17 17 17 5 5 5 5 16 16 2 2 16 16 1 1 16 16 19 19 19 19 2 2 16 16 16 16 5 5 5 5 17 17 17 17 5 5 5 5 16 16 2 2 16 16 1 1 16 16 19 19 19 19 19 19 8 8 8 8 16 16 16 16 2 2 2 2 16 16 19 19 8 8
0 0 0 0 0 0 0 0 0 0 0 0 0 26 26 0 0 0 2 38 38 2 2 2 0 26 26 0 6 6 3 3 3 0 2 2 0 0 0 0 3 3 0 0 0 2 2 2 0 0 0 0 0 0 2 2 2 2 2 2 0 0 0 0 0 0 2 2 2 2 2 2 6 6 6 6 6 6 3 3 3 3 3 3 7 7 7 7 7 7 16 16 16 16 16 16 39 39 39 39 39 39 2 2 2 16 16 16 2 2 2 16 16 16 8 8 8 8 8 8 2 2 2 2 0 0 2 2 2 2 0 0 40 15 15 41 3 3 10 1 1 0 2 2 0 0 0 0 0 0 2 2 2 2 0 0 2 2 2 2
16 16 19 8 7 7 7 16 19 19 19 8 19 29 1 0 0 0 1 28 28 21 12 47 13 13 7 25 7 7 2 5 2 2 24 24 24 34 16 2 16 16 16 16 5 5 5 5 17 17 17 17 5 5 5 5 16 16 2 2 16 16 1 1 16 16 19 19 19 19 2 2 16 16 16 16 5 5 5 5 17 17 17 17 5 5 5 5 16 16 2 2 16 16 1 1 16 16 19 19 19 19 19 19 8 8 8 8 16 16 16 16 2 2 2 2 16 16 19 19 8 8 8 8 16 16 16 16 2 2 2 2 16 16 19 19 0 0 25 25 0 0 25 25 0 0 0 0 2 2 2 2 0 0 25 25 0 0 25 25
16 16 16 16 16 16 16 16 2 2 2 2 2 2 2 2 16 16 16 16 2 2 2 2 16 16 36 36 8 8 8 14 14 14 14 14 14 14 14 14 37 37 37 37 26 26 26 26 2 2 2 2 0 0 0 0 1 1 13 13 8 8 8 8 1 1 13 13 8 8 8 8 1 1 13 13 8 8 8 2 2 2 2 2 2 2 0 2 2 2 2 2 2 2 0 2 2 2 2 2 0 0 8 8 0 0 30 30 8 8 30 30 8 8 7 7 0 0 7 7 0 0 8 8 0 0 2 2 0 0 0 0 1 1 1 1 0 0 0 0 2 2 2 2 0 0 0 0 1 1 1 1 0 0 0 0 2 2 2 2
0 0 0 0 26 26 26 26 8 2 0 26 0 2 0 0 0 0 2 2 2 2 0 0 0 0 1 2 0 15 31 31 14 0 1 2 0 2 0 2 0 2 0 2 0 2 0 0 0 0 0 0 0 0 0 0 2 2 2 2 2 2 2 2 0 2 0 2 0 13 2 2 0 2 0 2 0 0 6 6 3 3 19 19 0 0 0 2 0 0 0 2 0 0 0 0 0 0 2 2 2 2 0 15 26 2 0 15 26 2 0 15 1 2 0 0 0 0 0 0 0 0 2 2 0 0 0 0 0 0 26 26 26 26 8 2 0 26 0 2 0 0 0 0 2 2 2 2 0 0 0 0 1 2 0 15 31 31 14 0
0 0 0 0 1 1 1 1 2 2 2 2 0 0 0 0 0 0 0 0 0 0 0 0 0 0 2 2 0 0 2 2 0 0 3 3 0 0 2 2 0 0 3 3 0 0 2 2 0 0 0 0 1 1 4 4 0 0 5 5 6 6 7 7 0 0 7 7 0 0 7 7 0 0 7 7 0 0 7 7 0 0 0 0 0 0 8 8 0 0 0 0 0 0 0 0 0 0 9 9 1 1 1 1 8 8 8 8 8 8 8 8 8 8 2 2 0 0 0 0 0 0 0 0 10 10 10 10 11 11 9 9 1 1 1 1 8 8 8 8 8 8 8 8 8 8 2 2 0 0 0 0 2 2 0 0 2 2 0 12
19 19 19 19 8 16 8 8 19 19 19 19 7 16 8 8 19 16 16 16 42 2 2 0 19 16 16 39 28 0 0 19 19 0 0 0 19 16 5 5 2 2 2 16 19 2 16 19 2 2 2 16 19 2 16 19 8 8 8 8 8 8 8 8 8 8 8 8 8 8 8 8 16 16 16 16 16 16 8 8 16 16 8 8 8 8 16 16 8 8 16 16 8 8 16 16 36 36 43 43 5 5 8 16 7 7 2 2 2 2 2 2 16 16 2 2 2 2 2 16 2 2 2 16 2 2 16 16 16 16 5 5 5 19 19 19 16 2 16 16 2 2 2 2 16 16 5 5 31 31 2 2 0 0 2 2 16 16 36 2
16 16 16 16 16 16 16 16 16 16 16 16 8 8 8 19 19 19 8 8 8 8 0 0 0 0 0 0 0 0 0 0 0 0 0 0 8 8 8 19 19 19 8 8 8 8 8 8 8 8 8 19 19 19 8 8 8 8 8 8 7 7 7 42 42 42 7 7 7 7 7 7 7 7 7 7 7 7 7 7 7 7 7 7 7 7 7 7 24 24 8 8 8 8 16 16 16 16 16 16 16 16 16 16 16 16 16 16 16 16 16 16 16 16 8 8 8 8 8 8 8 8 8 19 19 19 8 8 8 8 8 8 8 8 8 2 2 2 8 8 8 8 8 8 16 16 16 16 16 16 24 24 24 24 24 24 8 8 8 8
0 0 0 0 0 0 8 0 8 8 0 6 38 2 0 0 0 0 0 0 0 0 8 0 8 8 0 6 38 2 0 0 1 1 1 1 0 0 0 0 3 3 8 8 0 0 0 0 1 1 1 1 13 13 13 13 2 2 2 2 0 0 0 0 2 2 2 2 0 0 0 0 8 0 8 0 8 8 8 8 0 2 0 8 0 8 8 8 2 0 8 0 2 0 0 0 1 1 0 0 1 1 0 0 1 1 13 13 8 8 8 8 0 2 0 8 0 8 8 8 2 0 8 0 2 0 0 0 1 1 0 0 1 1 0 0 1 1 8 8 0 0 0 0 2 2 2 2 0 0 0 0 2 2 2 2 0 0 0 0
0 0 0 0 2 2 2 2 0 0 0 0 2 2 0 0 0 0 0 0 2 2 2 2 0 0 0 0 2 2 0 0 2 2 2 2 2 2 2 2 2 2 2 15 37 2 0 0 2 2 2 2 2 2 2 2 2 2 2 15 37 2 0 0 0 0 0 0 0 0 0 0 2 2 2 2 2 2 0 0 0 0 0 0 0 0 0 0 2 2 2 2 2 2 0 0 8 8 8 8 30 16 16 16 16 16 2 2 0 2 0 0 8 8 8 8 30 16 16 16 16 16 2 2 0 2 0 0 0 0 0 0 2 2 2 2 0 0 0 0 2 2 0 0 0 0 0 0 2 2 2 2 0 0 0 0 2 2 0 0
0 0 0 0 2 2 2 2 0 2 0 2 0 6 3 3 3 2 0 1 0 2 0 0 0 0 0 39 39 39 39 39 8 8 8 8 0 0 0 0 0 0 2 2 2 2 2 2 2 2 0 0 0 0 1 1 2 2 0 2 0 2 0 2 0 2 0 2 0 2 0 0 0 0 2 0 2 0 1 8 0 0 36 8 36 8 36 2 24 24 19 19 2 0 2 0 2 0 2 0 1 1 1 1 1 1 2 2 0 0 0 0 3 13 0 8 0 0 0 0 3 13 0 8 0 19 8 8 0 0 0 0 0 0 0 0 2 2 2 2 0 2 0 2 0 6 3 3 3 2 0 1 0 2 0 0 0 0 0 39
16 16 16 16 16 16 16 16 2 2 2 2 2 2 2 2 16 16 16 16 2 2 2 2 16 16 36 36 8 8 8 14 14 14 14 14 14 14 14 14 37 37 37 37 26 26 26 26 2 2 2 2 0 0 0 0 1 1 13 13 8 8 8 8 1 1 13 13 8 8 8 8 1 1 13 13 8 8 8 2 2 2 2 2 2 2 0 2 2 2 2 2 2 2 0 2 2 2 2 2 0 0 8 8 0 0 30 30 8 8 30 30 8 8 7 7 0 0 7 7 0 0 8 8 0 0 2 2 0 0 0 0 1 1 1 1 0 0 0 0 2 2 2 2 0 0 0 0 1 1 1 1 0 0 0 0 2 2 2 2
0 0 0 0 0 0 0 0 0 0 0 0 0 26 26 0 0 0 2 38 38 2 2 2 0 26 26 0 6 6 3 3 3 0 2 2 0 0 0 0 3 3 0 0 0 2 2 2 0 0 0 0 0 0 2 2 2 2 2 2 0 0 0 0 0 0 2 2 2 2 2 2 6 6 6 6 6 6 3 3 3 3 3 3 7 7 7 7 7 7 16 16 16 16 16 16 39 39 39 39 39 39 2 2 2 16 16 16 2 2 2 16 16 16 8 8 8 8 8 8 2 2 2 2 0 0 2 2 2 2 0 0 40 15 15 41 3 3 10 1 1 0 2 2 0 0 0 0 0 0 2 2 2 2 0 0 2 2 2 2
8 8 8 8 0 0 8 8 0 0 0 0 8 8 8 0 2 2 2 2 2 2 2 2 0 0 0 0 0 0 0 0 1 1 2 2 0 0 0 0 0 0 0 0 2 2 2 2 0 0 0 0 15 15 1 1 1 1 2 2 0 0 0 0 8 8 8 8 0 0 8 8 0 0 0 0 8 8 8 8 16 16 5 5 8 8 8 8 16 16 2 2 16 16 16 16 2 2 16 16 8 8 8 8 16 16 2 2 16 16 5 5 16 16 8 8 16 16 16 16 2 2 16 16 2 2 2 2 16 16 25 25 16 16 16 16 2 2 0 0 2 2 2 2 0 0 25 25 0 0 0 0 3 3 3 3 1 1 1 1
0 0 0 0 0 0 0 0 0 0 0 0 0 0 0 1 0 0 0 2 0 0 0 0 0 0 0 0 0 0 0 0 0 0 0 0 0 1 0 0 0 2 0 0 0 1 0 0 0 8 0 0 0 8 0 0 0 8 0 0 2 2 0 0 2 2 0 0 2 2 0 0 8 8 0 0 8 8 8 8 8 8 8 8 8 8 8 8 8 8 0 0 0 0 0 0 0 0 0 0 0 0 0 0 0 5 8 8 5 18 8 8 5 5 8 8 5 18 8 8 5 18 8 8 5 18 8 8 8 8 0 0 0 0 2 2 2 2 0 0 0 0 2 2 16 16 16 16 16 16 2 2 2 2 16 44 2 2 0 19
0 8 15 15 12 51 16 8 16 8 2 8 12 2 24 24 52 24 19 8 7 16 2 2 8 8 8 5 5 3 3 3 3 3 3 48 41 4 1 0 2 2 2 0 8 38 2 2 0 0 0 0 2 2 2 2 0 0 0 0 2 2 8 8 0 0 0 0 2 2 2 2 0 0 0 0 26 26 13 13 2 2 2 2 0 0 0 0 2 2 2 2 2 2 2 2 48 48 15 15 13 13 8 8 34 34 34 34 34 34 34 34 34 34 34 34 13 13 13 13 34 34 34 34 53 53 53 53 2 2 0 0 8 8 0 0 34 34 34 34 53 53 53 53 2 2 0 0 2 2 2 2 2 2 2 2 2 2 2 2
0 0 0 6 6 6 3 3 3 3 3 3 26 26 26 2 2 2 0 0 0 0 0 0 2 2 2 0 0 0 0 0 0 6 6 6 3 3 3 3 3 3 26 26 26 2 2 2 0 0 0 0 0 0 2 2 2 0 0 0 0 0 0 0 1 6 3 3 3 3 3 6 3 3 13 8 8 2 0 0 0 0 0 2 0 0 0 0 1 0 3 3 3 3 3 0 26 26 13 8 8 2 0 0 0 0 0 0 26 26 13 8 8 2 0 0 0 26 26 26 0 0 0 2 2 2 0 0 0 26 26 26 0 0 0 2 2 2 0 0 0 26 26 26 0 0 0 2 2 2 0 0 0 26 26 26 0 0 0 2
0 0 0 0 0 0 0 2 0 0 0 0 0 0 0 0 0 0 0 0 0 0 0 2 0 0 0 0 16 16 16 16 2 2 2 34 2 34 2 34 2 2 2 2 16 16 16 16 8 8 8 8 0 0 0 0 0 0 0 2 0 0 0 0 0 0 0 0 16 16 16 16 16 16 16 2 16 16 16 16 16 16 16 16 18 18 18 18 2 2 16 16 2 2 16 16 2 2 16 16 2 2 16 16 8 16 8 16 8 16 8 16 8 8 8 8 8 8 8 8 8 8 8 8 8 8 8 8 2 2 2 2 2 2 2 2 0 0 2 15 48 48 3 3 2 2 0 26 0 0 2 2 0 0 2 15 48 48 3 3
0 0 0 0 1 1 1 1 2 2 2 2 2 2 2 2 0 0 0 0 2 2 0 0 2 2 0 0 2 2 0 2 0 2 0 2 0 0 0 0 0 0 0 0 0 0 0 0 2 2 0 0 2 2 0 0 2 2 0 0 0 2 0 0 0 0 2 2 2 2 0 0 0 0 2 2 15 15 1 1 2 2 0 6 3 2 0 6 3 2 0 0 0 0 0 0 0 0 2 2 2 2 16 16 16 16 7 7 7 7 7 7 2 2 16 16 16 16 7 7 7 2 0 0 0 0 7 7 7 2 0 0 0 0 28 28 54 54 21 21 2 2 17 17 9 9 34 34 7 7 7 7 7 7 7 7 7 7 7 7
8 8 8 8 0 0 8 8 0 0 0 0 8 8 8 0 2 2 2 2 2 2 2 2 0 0 0 0 0 0 0 0 1 1 2 2 0 0 0 0 0 0 0 0 2 2 2 2 0 0 0 0 15 15 1 1 1 1 2 2 0 0 0 0 8 8 8 8 0 0 8 8 0 0 0 0 8 8 8 8 16 16 5 5 8 8 8 8 16 16 2 2 16 16 16 16 2 2 16 16 8 8 8 8 16 16 2 2
0 0 0 0 1 1 1 1 2 2 2 2 2 2 2 2 0 0 0 0 2 2 0 0 2 2 0 0 2 2 0 2 0 2 0 2 0 0 0 0 0 0 0 0 0 0 0 0 2 2 0 0 2 2 0 0 2 2 0 0 0 2 0 0 0 0 2 2 2 2 0 0 0 0 2 2 15 15 1 1 2 2 0 6 3 2 0 6 3 2 0 0 0 0 0 0 0 0 2 2 2 2 16 16 16 16 7 7 7 7 7 7 2 2 16 16 16 16 7 7 7 2 0 0 0 0 7 7 7 2 0 0 0 0 28 28 54 54 21 21 2 2 17 17 9 9 34 34 7 7 7 7 7 7 7 7 7 7 7 7
16 16 16 16 16 16 16 16 16 16 16 16 8 8 8 19 19 19 8 8 8 8 0 0 0 0 0 0 0 0 0 0 0 0 0 0 8 8 8 19 19 19 8 8 8 8 8 8 8 8 8 19 19 19 8 8 8 8 8 8 7 7 7 42 42 42 7 7 7 7 7 7 7 7 7 7 7 7 7 7 7 7 7 7 7 7 7 7 24 24 8 8 8 8 16 16 16 16 16 16 16 16 16 16 16 16 16 16 16 16 16 16 16 16 8 8 8 8 8 8 8 8 8 19 19 19 8 8 8 8 8 8 8 8 8 2 2 2 8 8 8 8 8 8 16 16 16 16 16 16 24 24 24 24 24 24 8 8 8 8
0 0 0 0 0 0 0 0 0 3 3 3 1 1 1 2 2 2 2 2 2 0 0 0 8 8 8 0 0 0 3 3 13 8 8 8 8 8 8 8 8 8 8 8 8 14 14 14 14 14 14 14 14 14 14 14 14 2 2 2 2 2 2 2 2 2 2 2 2 0 0 0 2 2 2 2 2 2 0 0 0 0 0 0 2 2 2 2 2 2 0 0 0 8 8 8 15 15 15 13 13 13 2 2 2 2 2 2 7 7 7 2 2 2 0 0 0 2 2 2 7 7 7 2 2 2 0 0 0 3 3 1 0 0 2 0 0 0 2 2 2 0 0 0 2 2 2 0 0 0 0 0 0 0 0 0 3 3 3 1
0 0 0 0 0 0 0 0 0 0 0 0 0 0 0 0 0 27 27 12 1 28 15 3 0 16 1 8 0 1 8 8 0 27 27 12 1 28 15 3 0 16 1 8 0 5 8 2 0 16 1 2 0 5 8 2 0 19 45 28 15 3 0 8 0 0 0 0 0 0 0 26 3 3 26 26 3 44 5 0 6 6 0 0 6 46 6 3 3 3 3 3 3 44 5 0 6 46 6 3 26 45 26 25 26 26 26 26 26 26 26 26 26 26 26 26 26 26 26 26 8 8 8 8 8 8 8 8 8 8 8 8 8 8 8 8 0 0 0 0 0 0 0 0 0 0 0 8 8 8 8 8 8 8 8 8 8 8 8 8
0 0 0 6 6 6 3 3 3 3 3 3 26 26 26 2 2 2 0 0 0 0 0 0 2 2 2 0 0 0 0 0 0 6 6 6 3 3 3 3 3 3 26 26 26 2 2 2 0 0 0 0 0 0 2 2 2 0 0 0 0 0 0 0 1 6 3 3 3 3 3 6 3 3 13 8 8 2 0 0 0 0 0 2 0 0 0 0 1 0 3 3 3 3 3 0 26 26 13 8 8 2 0 0 0 0 0 0 26 26 13 8 8 2 0 0 0 26 26 26 0 0 0 2 2 2 0 0 0 26 26 26 0 0 0 2 2 2 0 0 0 26 26 26 0 0 0 2 2 2 0 0 0 26 26 26 0 0 0 2
0 26 8 0 3 3 0 0 2 0 0 8 0 26 8 0 3 3 0 0 2 0 0 0 46 3 31 0 0 0 46 3 31 0 0 0 46 3 1 8 3 25 29 1 1 2 0 0 46 3 31 0 0 0 46 3 31 0 0 0 46 3 1 8 3 25 29 1 1 2 0 0 0 1 0 0 1 0 25 15 30 3 27 8 0 1 14 0 1 0 48 15 13 8 48 15 13 8 0 0 0 0 2 0 2 0 0 0 2 2 2 0 0 0 0 1 0 0 1 0 25 15 8 3 27 8 0 1 14 0 1 0 48 15 17 3 9 1 2 0 9 1 2 0 2 0 0 2 2 0 2 0 2 0 0 0 2 2 2 0
0 0 0 6 6 6 3 3 3 3 3 3 26 26 26 2 2 2 0 0 0 0 0 0 2 2 2 0 0 0 0 0 0 6 6 6 3 3 3 3 3 3 26 26 26 2 2 2 0 0 0 0 0 0 2 2 2 0 0 0 0 0 0 0 1 6 3 3 3 3 3 6 3 3 13 8 8 2 0 0 0 0 0 2 0 0 0 0 1 0 3 3 3 3 3 0 26 26 13 8 8 2 0 0 0 0 0 0 26 26 13 8 8 2 0 0 0 26 26 26 0 0 0 2 2 2 0 0 0 26 26 26 0 0 0 2 2 2 0 0 0 26 26 26 0 0 0 2 2 2 0 0 0 26 26 26 0 0 0 2